2
3
4
7
11
13
15
17
20
22
23
24
25
28
29
33
36
37
40
41
43
45
49
50
51
53
54
55
57
58
59
60
61
62
63
67
69
70
71
73
74
78
79
81
82
83
85
86
89
90
91
95
96
97
98
99
100
102
103
105
106
107
109
110
112
114
115
116
120
121
124
127
138
141
142
143
147
152
153
157
159
160
162
163
164
165
166
169
172
181
183
184
185
189
193
194
202
203
206
212
219
221
223
236
239
249
274
282
283
285
299
302
304
308
311
312
339
347
351
355
356
365
368
369
373
375
376
380
383
387
388
389
392
396
424
431
440
441
446
449
460
465
474
479
485
489
501
502
503
515
521
537
555
564
586
598
637
641
651
666
712
753
765
768
778
796
799
811
826
839
852
865
883
897
898
935
943
957
959
963
982
997
1021
1025
1031
1037
1061
1064
1073
1084
1095
1103
1131
1133
1148
1152
1160
1181
1201
1210
1215
1241
1274
1287
1316
1326
1329
1336
1340
1361
1362
1364
1383
1388
1395
1397
1415
1419
1420
1426
1430
1442
1443
1447
1467
1477
1479
1485
1487
1494
1500
1510
1517
1520
1523
1524
1529
1533
1536
1538
1541
1561
1568
1578
1589
1629
1632
1647
1683
1695
1696
1708
1711
1712
1722
1732
1751
1769
1771
1774
1775
1776
1788
1794
1798
1803
1814
1815
1817
1823
1836
1837
1845
1854
1857
1861
1866
1874
1875
1877
1893
1898
1899
1910
1916
1919
1921
1925
1927
1956
1969
1974
1987
1990
2005
2052
2058
2065
2087
2095
2105
2145
2150
2166
2168
2172
2206
2212
2217
2228
2243
2259
2276
2309
2314
2320
2328
2336
2355
2363
2370
2377
2427
2434
2444
2466
2502
2505
2515
2532
2540
2562
2585
2615
2627
2648
2649
2650
2683
2692
2708
2733
2781
2791
2797
2832
2835
2836
2848
2862
2882
2897
2903
2927
2928
2931
2951
2966
2973
2979
2980
2992
2996
3011
3028
3033
3036
3039
3072
3095
3103
3141
3154
3157
3159
3161
3164
3171
3191
3199
3212
3214
3221
3224
3232
3250
3260
3261
3264
3276
3278
3286
3292
3301
3310
3321
3342
3357
3358
3361
3364
3371
3382
3383
3397
3401
3417
3441
3444
3459
3472
3492
3527
3529
3533
3534
3549
3553
3563
3580
3629
3632
3634
3640
3664
3687
3699
3703
3728
3752
3758
3762
3769
3777
3779
3790
3793
3794
3805
3810
3814
3838
3847
3862
3878
3890
3942
3950
3969
4025
4033
4042
4049
4058
4068
4082
4084
4099
4102
4116
4119
4120
4121
4134
4137
4148
4155
4156
4162
4163
4167
4193
4195
4196
4202
4203
4208
4220
4226
4229
4245
4249
4263
4268
4277
4281
4290
4306
4326
4330
4335
4350
4365
4369
4374
4388
4394
4414
4415
4418
4425
4433
4434
4467
4470
4518
4519
4521
4523
4532
4543
4552
4571
4599
4617
4632
4656
4670
4687
4688
4691
4692
4698
4700
4726
4736
4737
4747
4750
4763
4765
4788
4805
4809
4842
4845
4855
4868
4896
4898
4899
4903
4908
4925
4964
4968
4969
4978
4981
4985
4990
4991
5006
5012
5015
5028
5032
5039
5040
5042
5060
5070
5071
5077
5079
5088
5091
5122
5138
5161
5225
5228
5237
5265
5266
5276
5315
5321
5322
5345
5356
5362
5364
5376
5382
5383
5385
5387
5393
5405
5410
5425
5435
5436
5442
5454
5460
5464
5468
5484
5495
5496
5502
5507
5509
5510
5523
5526
5532
5533
5547
5574
5577
5582
5585
5588
5593
5596
5605
5607
5617
5618
5623
5629
5639
5641
5648
5649
5650
5660
5667
5685
5704
5729
5736
5752
5819
5823
5824
5840
5844
5859
5889
5921
5927
5934
5958
5973
5977
5997
5998
6018
6030
6051
6087
6093
6123
6149
6161
6175
6184
6198
6202
6216
6231
6239
6260
6274
6276
6291
6309
6313
6318
6331
6350
6356
6360
6370
6371
6396
6403
6465
6503
6504
6512
6524
6526
6541
6582
6799
6822
6917
6961
6967
6975
7053
7096
7109
7163
7167
7285
7434
7527
7591
7626
7651
7703
7733
7752
7755
7792
7854
11730
11737
11739
11740
11746
11752
11764
11775
11790
11792
25312
11798
11799
11801
11803
25230
11805
11836
11837
25235
11848
11850
11852
11856
11865
11866
25238
11870
11871
11877
11881
25242
11898
11903
11905
25245
11930
11935
25248
11942
11943
11944
11945
11951
11952
25249
11955
11956
11958
11961
11962
11963
11966
11983
11984
11989
11990
11995
12008
12010
12013
12017
12018
12024
12031
12033
12034
12035
12042
12043
12045
12052
12056
12058
12059
12060
12062
12065
25253
12073
12076
12089
12092
12093
12108
12119
12124
25255
12326
12327
12328
25256
25257
12331
12332
12334
12335
15035
15036
25260
15061
15073
15078
15080
15081
15100
15101
25265
15108
15111
15116
15117
15118
15119
15223
15230
15333
15339
15342
15474
25271
25272
15477
15479
15480
15489
15495
15497
15499
25273
15501
15502
15503
15504
15509
15511
15512
15514
25276
15523
15527
15529
25281
25282
15532
15534
15535
25310
25311
15543
15544
15545
15546
15565
15567
15568
15576
15587
15588
15590
15591
25293
25294
15595
15596
15597
15599
15601
15603
15604
15605
15606
15607
15609
15611
15612
15613
25296
15626
15630
15631
15632
25316
15639
15645
15656
15659
25298
15663
15664
15667
15672
15675
15676
15679
15680
15681
15682
15685
15687
15688
15689
15692
15693
15695
15697
15699
15706
15710
15714
15801
15803
15805
15820
15826
15831
15834
25309
15836
15838
15857
15868
15948
15953
15956
15957
15958
25305
16026
16027
16145
16148
16153
16159
16167
16180
16183
16258
16261
16262
16263
16264
16265
25307
16346
16358
16361
16363
16377
16378
16382
16387
16388
16402
16430
16433
16435
16441
25313
16444
16445
16451
16455
16457
16458
16461
16468
16470
16474
16475
16477
16479
16482
16484
16488
16489
16502
16506
16507
16509
16524
16530
16531
16532
16535
16536
16540
16541
16543
16544
16549
16555
16556
16558
16563
16564
16565
16568
16569
25321
16578
16588
16589
16591
16592
16593
16596
16603
16612
16614
16617
16618
16619
16621
16631
16632
16634
16635
16639
16640
16648
16660
16663
16668
16669
16676
16679
16680
16683
16686
16687
16690
16692
16693
16696
16703
16705
16711
16723
16749
16765
16768
16769
16780
16786
16797
16799
16804
16806
16807
16817
16824
16836
16840
16843
16849
16855
16859
16861
16866
16874
16876
16882
16889
16896
16899
16902
16904
16906
16909
16915
16925
16928
16939
16947
16950
16955
16958
16961
16969
16976
16977
16979
16984
16985
16995
16997
17007
17009
17019
17022
17029
17031
17033
17037
17040
17042
17045
17046
17047
17050
17051
17052
17061
17063
17064
17066
17068
17070
17077
17080
17081
17082
17084
17085
17086
17089
17097
17098
17102
17109
17112
17115
17123
17131
17132
17143
17149
17155
17157
17159
17167
17170
17172
17183
17201
17202
17226
17233
17241
17244
17255
17258
17259
17264
17268
17272
17275
17295
17299
17301
17302
17305
17308
17313
17318
17319
17321
17324
17326
17351
17355
17362
17363
17364
17366
17368
17369
17377
17380
17381
17383
17385
17394
17395
17398
17402
17404
17405
17411
17412
17418
17421
17438
17440
17442
17444
17447
17450
17452
17473
17477
17479
17497
17499
17502
17504
17505
17506
17511
17513
17518
17521
17533
17537
17540
17541
17542
17545
17547
17548
17554
17563
17566
17571
17575
17577
17579
17587
17593
17597
17599
17603
17604
17605
17607
17610
17613
17614
17620
17621
17629
17630
17633
17639
17642
17643
17646
17648
17649
17656
17657
17664
17665
17675
17676
17678
17684
17689
17690
17693
17697
17698
17707
17708
17713
17717
17719
17726
17728
17730
17735
17736
17737
17738
17746
17747
17751
17752
17759
17763
17764
17765
17766
17768
17771
17774
17776
17781
17784
17790
17792
17793
17811
17812
17814
17815
17822
17832
17835
17841
17859
17864
17866
17872
17873
17888
17889
17891
17897
17903
17905
17907
17908
17915
17923
17925
17933
17935
17947
17952
17953
17960
17961
17969
17975
17984
17990
17991
18000
18004
18005
18018
18019
18028
18030
18036
18038
18041
18043
18047
18052
18060
18067
18072
18075
18077
18079
18081
18082
18088
18097
18100
18116
18121
18122
18126
18128
18139
18140
18153
18155
18158
18165
18166
18170
18190
18192
18200
18207
18210
18212
18215
18218
18226
18228
18239
18242
18244
18246
18254
18255
18267
18275
18278
18281
18286
18288
18289
18290
18293
18314
18320
18325
18333
18340
18342
18348
18350
18352
18359
18360
18361
18375
18396
18401
18404
18407
18411
18413
18420
18426
18431
18432
18456
18461
18462
18464
18466
18468
18469
18473
18474
18475
18477
18479
18485
18486
18495
18503
18523
18533
18541
18542
18544
18546
18552
18556
18557
18558
18559
18566
18591
18595
18599
18603
18604
18617
18621
18622
18623
18624
18629
18631
18641
18642
18653
18666
18671
18675
18683
18699
18702
18703
18709
18711
18717
18721
18729
18737
18755
18768
18781
18785
18788
18790
18834
18837
18841
18843
18867
18871
18877
18881
18888
18891
18894
18901
18902
18908
18910
18914
18920
18921
18923
18932
18939
18944
18950
18955
18968
18971
18972
19009
19013
19029
19041
19045
19077
19083
19095
19096
19102
19104
19105
19111
19114
19115
19116
19117
19121
19127
19134
19147
19155
19156
19163
19166
19169
19185
19192
19197
19204
19205
19209
19212
19214
19222
19223
19232
19234
19244
19249
19253
19264
19274
19283
19284
19286
19315
19317
19318
19323
19339
19341
19356
19378
19387
19409
19420
19422
19425
19429
19435
19437
19446
19466
19467
19472
19480
19481
19482
19483
19489
19499
19502
19504
19508
19518
19521
19522
19526
19530
19531
19537
19541
19542
19543
19545
19552
19555
19572
19582
19584
19588
19596
19602
19606
19609
19611
19613
19615
19616
19618
19620
19626
19630
19637
19648
19651
19654
19671
19674
19683
19687
19696
19698
19699
19713
19721
19722
19747
19769
19771
19775
19785
19803
19805
19816
19818
19820
19831
19840
19841
19843
19846
19850
19857
19862
19864
19866
19870
19871
19873
19876
19881
19902
19903
19916
19919
19921
19934
19938
19939
19950
19957
19961
19965
19966
19984
19993
19997
20016
20020
20022
20031
20054
20059
20060
20064
20065
20078
20083
20088
20099
20104
20106
20107
20113
20115
20116
20118
20121
20124
20142
20159
20169
20171
20181
20185
20192
20198
20216
20221
20223
20230
20234
20235
20236
20239
20240
20256
20272
20275
20284
20294
20298
20300
20318
20319
20325
20327
20328
20330
20445
20335
20339
20340
20341
20342
20348
20354
20362
20386
20393
20434
20435
20440
20447
20452
20456
20469
20474
20475
20479
20484
20485
20486
20501
20507
20519
20522
20525
20541
20552
20562
20568
20570
20577
20581
20584
20594
20619
20621
20623
20645
20649
20671
20674
20683
20690
20770
20778
20780
20790
20838
20857
20862
20865
20910
20937
20941
20944
20952
20953
20965
20966
20971
20972
20975
20976
20984
20985
20991
21001
21003
21006
21008
21009
21017
21019
21021
21030
21036
21040
21046
21051
21052
21053
21055
21076
21079
21082
21087
21089
21097
21101
21103
21105
21107
21117
21124
21139
21141
21142
21155
21156
21159
21164
21168
21170
21178
21185
21191
21196
21203
21205
21209
21211
21213
21214
21220
21221
21229
21231
21233
21234
21236
21238
21247
21248
21258
21259
21260
21262
21263
16572
21272
21274
21288
21291
21293
21300
21301
21308
21309
21326
21330
21334
21335
21336
21340
21341
21342
21343
21346
21347
21348
21351
21354
21356
16573
21361
21363
21365
21366
21370
21373
16574
21375
21379
21380
21384
21388
21389
21395
21397
21400
21405
21406
21407
21411
21416
21422
21424
21430
21434
21436
21440
21442
21443
21445
21448
21452
21453
21454
21455
21459
21460
21461
21465
21469
21471
21473
21483
21486
21491
21492
21493
21494
21496
21501
21502
21503
21511
21512
21513
21517
21518
21519
21522
21524
21525
21526
21527
21528
21529
21530
21531
21534
21539
21540
21541
21545
21548
21556
21561
21562
21563
21567
21570
21574
21576
21581
21582
21585
21586
21590
21603
21615
21620
21624
21632
21655
21661
21665
21671
21676
21678
21681
21682
21684
21699
21701
21705
21709
21711
21721
21726
21727
21734
21744
21745
21749
21751
21760
21761
21762
21767
21769
21772
21773
21779
21780
21781
21782
21783
21784
21788
21790
21794
21795
21800
21822
21830
21831
21838
21840
21843
21851
21862
21864
21866
21876
21877
21900
21905
21907
21914
21920
21924
21925
21926
21927
21929
21931
21936
21937
21939
21942
21943
21945
21946
21948
21951
21952
21953
21954
21969
21970
21974
21986
21988
21994
21997
22037
22044
22073
22076
22077
22079
22092
22097
22105
22107
22117
22133
22155
22171
22199
22214
22267
22268
22278
22280
22282
22284
22290
22301
22310
22325
22333
22335
22351
22368
22371
22373
22376
22380
22393
22406
22412
22428
22435
22455
22461
22475
22484
22494
22518
22528
22559
22575
22576
22583
22592
22608
22665
22683
22754
22770
22775
22779
22788
22822
22848
22849
22850
22881
22892
22904
22926
22929
22970
22993
23007
23028
23037
23049
23068
23071
23081
23122
23135
23152
23155
23160
23180
23191
23205
23210
23212
23217
23244
23248
23253
23260
23263
23272
23273
23284
23288
23301
23312
23315
23329
23334
23338
23350
23352
23370
23375
23424
23476
23497
23502
23525
23527
23533
23537
23548
23594
23600
23608
23621
23634
23637
23658
23664
23675
23686
23692
23696
23701
23710
23712
23713
23730
23753
23780
23782
23784
23785
23786
23788
23789
23790
23795
23804
23809
23812
23813
23816
23819
23821
23825
23846
23879
23891
23893
23899
23908
23909
23910
23918
23923
23926
23927
23931
23951
23977
23994
24000
24003
24005
24015
24023
24024
24025
24026
24028
24031
24033
24035
24050
24053
24061
24066
24084
24094
24107
24128
24132
24134
24136
24137
24138
24141
24145
24148
24153
24155
24158
24170
24173
24183
24184
24186
24187
24188
24190
24206
24209
24212
24214
24227
24234
24238
24240
24241
24247
24248
24249
24250
24251
24254
24261
24269
24271
24272
24275
24276
24277
24278
24287
24289
24292
24294
24299
24304
24309
24320
24325
24326
24327
24343
24346
24348
24350
24361
24374
24382
24384
24386
24389
24393
24394
24400
24403
24404
24407
24420
24422
24429
24433
24434
24436
24437
24438
24440
24441
24442
24449
24450
24451
24453
24454
24467
24468
24469
24480
24481
24490
24493
24494
24495
24499
24500
24505
24506
24509
24514
24522
24527
24531
24532
24533
24534
24535
24539
24544
24546
24549
24558
24560
24561
24569
24575
24577
24583
24585
24587
24588
24590
24597
24600
24617
24633
24639
24640
24653
24655
24656
24657
24660
24661
24662
24668
24670
24671
24672
24673
24674
24676
24678
24689
24701
24702
24704
24713
24717
24719
24724
24729
24730
24732
24740
24742
24747
24748
24751
24752
24759
24761
24762
24766
24772
24774
24781
24782
24783
24784
24788
24794
24798
24804
24807
24808
24811
24813
24815
24831
24847
24856
24860
24861
24865
24881
24887
24888
24889
24894
24898
24901
24902
24904
24907
24911
24913
24914
24929
24930
24931
24935
24940
24947
24949
24950
24951
24952
24953
24954
24957
24970
24981
24986
24989
24990
24991
24994
24997
25006
25007
25009
25015
25028
25029
25032
25062
25071
25084
25086
25096
25100
25101
25104
25108
25110
25111
25112
25113
25114
25126
25128
25136
25137
25144
25156
25157
25161
25178
25183
25184
25194
25196
25205
25207
25209
25211
21879
25115
24298
25046
25045
358
17733
24763
24900
24906
25020
3229
4619
5307
25244
12055
12064
15092
15344
15621
15643
15860
16022
16386
16434
16623
16982
17185
17212
17711
17729
18388
18514
18872
19433
19523
19569
19579
20992
21482
21837
24264
24268
24686
24725
16157
20444
20459
20744
22821
2345
16642
20510
20639
21964
22852
22893
24432
24714
8
9
18
19
21
30
31
32
34
35
38
39
46
47
48
52
56
64
65
66
68
75
77
80
84
87
92
93
94
104
108
118
122
123
125
129
132
133
136
137
139
144
148
150
151
155
156
161
168
170
176
178
182
186
191
197
209
211
215
216
217
218
222
224
225
226
227
228
229
230
231
232
234
235
237
242
245
246
248
250
251
253
254
256
258
259
261
262
263
265
266
267
268
269
271
272
273
276
277
278
279
280
286
287
288
289
290
292
293
295
296
297
298
300
301
303
305
307
309
310
315
316
318
320
321
323
325
326
327
328
329
330
332
333
335
337
340
343
344
345
346
350
352
354
359
360
361
362
363
367
371
372
374
377
378
381
382
384
385
386
390
391
393
394
395
397
398
399
401
402
404
405
408
409
411
412
413
414
416
25213
418
419
420
421
422
423
425
426
428
429
433
434
436
437
438
443
444
448
450
453
455
457
459
461
462
463
464
466
470
471
473
475
476
478
481
482
483
484
486
488
490
491
492
493
494
495
496
497
498
499
504
505
506
507
508
511
512
513
514
516
517
518
520
522
523
524
525
526
527
528
529
530
531
532
534
535
536
538
25214
541
542
543
544
545
546
548
549
553
554
556
557
559
560
562
565
566
569
570
571
572
573
574
577
578
580
581
582
584
585
588
589
590
591
592
593
594
595
596
597
599
601
603
604
605
606
607
608
609
612
613
614
616
617
618
620
622
623
624
625
626
627
628
630
632
633
635
636
638
643
644
645
647
648
650
652
653
656
657
658
659
660
663
665
669
670
672
673
675
676
677
680
681
683
684
685
686
687
690
691
692
696
697
700
701
703
705
706
708
715
716
718
719
720
722
723
724
725
726
727
728
729
730
731
734
736
738
739
740
741
742
743
745
748
749
752
754
755
759
761
762
763
766
767
769
771
772
773
774
775
777
779
780
783
784
786
788
790
791
794
795
797
798
800
801
803
804
806
807
809
812
813
814
815
817
818
819
821
822
828
830
832
834
836
837
838
841
842
843
844
845
846
847
848
850
851
853
855
856
859
861
864
866
869
870
873
874
875
877
879
881
882
884
886
887
888
889
890
891
893
894
895
896
903
904
905
906
907
908
909
910
911
912
913
914
915
916
917
918
919
920
921
923
924
925
926
929
930
931
932
933
936
937
938
939
940
941
942
945
947
948
950
951
952
953
955
958
965
966
967
969
971
972
973
974
976
978
979
983
985
986
987
988
989
990
991
992
993
994
995
996
998
999
1000
1001
1002
1003
1004
1006
1007
1010
1013
1015
1016
1019
1020
1022
1023
1026
1027
1028
1029
1030
1033
1034
1038
1039
1042
1043
1044
1045
1046
1047
1048
1049
1051
1054
1055
1056
1057
1062
1066
1067
1069
1070
1071
1072
1074
1075
1081
1083
1086
1087
1089
1090
1091
1092
1093
1094
1096
1097
1098
1100
1101
1102
1105
1107
1108
1109
1110
1111
1112
1113
1114
1115
1116
1117
1118
1119
1120
1121
1122
1123
1124
1125
1126
1127
1129
1132
1134
1135
1139
1140
1141
1143
1145
1146
1149
1151
1153
1154
1155
1156
1158
1159
1162
1163
1166
1170
1171
1172
1173
1174
1176
1177
1178
1180
1182
1183
1184
1186
1187
1188
1189
1190
1191
1193
1195
1198
1199
1200
1202
1203
1204
1205
1206
1208
1209
1211
1212
1213
1214
1216
1217
1219
1220
1221
1222
1223
1224
1225
1226
1227
1228
1229
1230
1232
1233
1236
1237
1238
1239
1240
1242
1243
1244
1245
1246
1248
1249
1250
1251
1252
1253
1254
1256
1261
1264
1265
1266
1269
1270
1272
1273
1275
1276
1278
1280
1282
1283
1284
1285
1290
1291
1292
1294
1295
1296
1297
1298
1299
1302
1304
1305
1308
1309
1311
1312
1313
1314
1315
1320
1322
1323
1325
1327
1328
1330
1331
1332
1333
1334
1338
1339
1342
1344
1346
1348
1349
1350
1351
1352
1354
1357
1358
1360
1366
1369
1370
1375
1377
1379
1381
1384
1386
1387
1389
1390
1391
1392
1393
1394
1396
1398
1399
1401
1402
1403
1406
1408
1409
1410
1411
1413
1414
1416
1417
1423
1424
1427
1428
1433
1436
1437
1439
1440
1441
1445
1449
1450
1451
1452
1457
1458
1461
1462
1463
1464
1468
1469
1470
1471
1472
1473
1474
1482
1483
1484
1489
1492
1496
1498
1499
1503
1506
1507
1509
1513
1514
1515
1516
1526
1527
1528
1531
1535
1537
1543
1545
1548
1551
1555
1556
1559
1560
1571
1572
1573
1575
1580
1582
1583
1584
1585
1588
1591
1593
1596
1598
1599
1601
1602
1603
1604
1607
1609
1610
1611
1613
1614
1616
1617
1618
1620
1623
1626
1627
1628
1631
1633
1636
1637
1640
1645
1646
1649
1654
1658
1659
1661
1664
1667
1670
1673
1677
1678
1680
1682
1685
1688
1689
1691
1694
1703
1705
1706
1707
1709
1716
1721
1723
1725
1726
1727
1728
1729
1731
1736
1737
1741
1742
1744
1746
1747
1749
1754
1755
1756
1758
1759
1760
1763
1764
1765
1766
1768
1770
1777
1779
1780
1783
1784
1785
1787
1789
1790
1797
1799
1805
1806
1807
1809
1812
1813
1822
1824
1825
1828
1829
1830
1831
1833
1834
1839
1841
1842
1843
1844
1846
1847
1852
1853
1859
1860
1862
1863
1864
1867
1870
1871
1872
1876
1878
1883
1884
1886
1890
1891
1892
1895
1896
1897
1900
1902
1903
1905
1908
1909
1911
1913
1914
1915
1917
1918
1920
1923
1924
1929
1930
1931
1932
1933
1934
1940
1941
1942
1943
1946
1947
1948
1949
1951
1953
1957
1958
1959
1963
1964
1967
1968
1977
1978
1979
1981
1983
1984
1986
1989
1991
1993
1995
1997
1999
2000
2002
2003
2004
2007
2008
2009
2010
2011
2016
2017
2018
2019
2020
2025
2029
2031
2032
2038
2039
2042
2043
2044
2047
2059
2060
2061
2063
2064
2066
2067
2068
2069
2070
2075
2076
2078
2080
2083
2084
2085
2086
2088
2090
2091
2093
2098
2100
2102
2103
2104
2107
2109
2112
2113
2116
2117
2118
2120
2121
2124
2125
2126
2127
2128
2129
2133
2134
2136
2137
2140
2142
2143
2144
2146
2149
2151
2152
2154
2156
2157
2158
2159
2160
2162
2163
2164
2167
2169
2170
2173
2175
2176
2182
2187
2188
2189
2190
2193
2194
2196
2198
2200
2201
2204
2205
2207
2208
2210
2211
2213
2214
2215
2216
2219
2221
2224
2225
2233
2236
2237
2240
2241
2242
2245
2250
2257
2260
2261
2266
2268
2269
2270
2271
2272
2277
2279
2281
2283
2284
2287
2289
2291
2294
2300
2303
2306
2313
2315
2319
2324
2325
2326
2331
2332
2333
2334
2335
2337
2339
2342
2344
2347
2348
2352
2353
2356
2357
2366
2367
2373
2374
2375
2379
2383
2384
2389
2390
2392
2394
2395
2399
2400
2401
2403
2405
2406
2408
2409
2411
2414
2415
2417
2420
2421
2422
2425
2426
2429
2432
2433
2435
2437
2439
2442
2445
2446
2449
2451
2453
2454
2459
2461
2462
2463
2468
2469
2472
2476
2477
2479
2480
2481
2482
2483
2485
2486
2487
2488
2490
2491
2493
2494
2499
2500
2506
2507
2511
2518
2519
2525
2528
2530
2536
2537
2538
2545
2549
2552
2561
2563
2564
2567
2570
2572
2578
2579
2586
2588
2590
2591
2592
2593
2596
2598
2599
2600
2606
2609
2611
2612
2613
2616
2617
2618
2619
2620
2622
2623
2626
2628
2629
2630
2634
2635
2636
2639
2640
2644
2646
2651
2653
2657
2659
2660
2671
2673
2674
2675
2677
2679
2681
2684
2686
2691
2694
2696
2698
2699
2700
2701
2703
2704
2705
2706
2707
2710
2711
2712
2713
2714
2716
2717
2718
2719
2720
2721
2722
2725
2726
2730
2735
2737
2738
2739
2741
2742
2749
2750
2751
2753
2754
2760
2761
2762
2765
2767
2769
2771
2773
2774
2775
2777
2779
2783
2784
2786
2788
2789
2790
2793
2794
2795
2798
2800
2801
2802
2804
2807
2808
2809
2810
2812
2814
2815
2818
2820
2824
2825
2826
2828
2831
2834
2837
2840
2841
2845
2847
2851
2854
2856
2857
2858
2859
2861
2866
2868
2871
2873
2874
2880
2883
2888
2889
2898
2899
2900
2902
2905
2906
2908
2909
2911
2912
2913
2917
2919
2920
2921
2922
2923
2924
2926
2929
2933
2934
2935
2936
2937
2938
2941
2943
2944
2945
2948
2949
2955
2956
2957
2958
2959
2960
2961
2963
2965
2968
2969
2972
2974
2976
2977
2982
2984
2986
2989
2991
2998
2999
3000
3001
3002
3004
3009
3010
3013
3019
3020
3024
3025
3030
3032
3037
3040
3041
3046
3050
3052
3054
3058
3060
3061
3063
3064
3067
3070
3071
3073
3083
3086
3090
3091
3094
3096
3097
3098
3102
3104
3105
3108
3109
3111
3112
3113
3114
3115
3118
3119
3120
3121
3123
3128
3130
3132
3134
3135
3136
3137
3138
3139
3142
3144
3146
3148
3150
3151
3152
3153
3156
3160
3163
3166
3169
3172
3175
3176
3177
3178
3179
3182
3184
3185
3186
3188
3190
3195
3196
3204
3205
3206
3207
3208
3209
3210
3211
3217
3218
3219
3222
3223
3227
3233
3237
3241
3244
3245
3246
3248
3249
3254
3256
3257
3262
3263
3265
3268
3269
3271
3272
3275
3277
3280
3285
3290
3294
3304
3305
3306
3308
3312
3316
3317
3325
3326
3327
3333
3335
3339
3340
3343
3349
3356
3363
3365
3367
3368
3370
3374
3377
3380
3381
3384
3389
3390
3392
3393
3394
3395
3396
3398
3399
3402
3403
3405
3406
3407
3410
3411
3412
3414
3423
3430
3432
3434
3436
3439
3440
3443
3445
3447
3448
3449
3450
3453
3455
3457
3458
3464
3465
3466
3467
3470
3471
3475
3477
3479
3480
3481
3483
3486
3487
3488
3489
3490
3493
3498
3499
3500
3502
3503
3504
3505
3507
3511
3513
3516
3517
3519
3520
3521
3522
3523
3525
3528
3531
3532
3535
3538
3540
3542
3543
3548
3550
3551
3556
3557
3558
3559
3560
3562
3564
3565
3567
3569
3570
3574
3576
3577
3578
3579
3583
3585
3588
3589
3590
3591
3594
3597
3601
3603
3607
3608
3609
3610
3612
3613
3614
3617
3618
3619
3623
3624
3626
3628
3635
3636
3637
3639
3641
3642
3643
3644
3645
3646
3648
3649
3650
3651
3652
3653
3654
3655
3656
3657
3659
3660
3661
3662
3663
3666
3668
3670
3671
3674
3675
3676
3677
3678
3679
3680
3681
3683
3684
3685
3686
3688
3689
3691
3692
3695
3697
3698
3700
3701
3702
3704
3705
3706
3707
3708
3713
3714
3716
3717
3718
3721
3722
3724
3725
3726
3727
3729
3731
3732
3734
3735
3736
3737
3738
3739
3740
3742
3743
3745
3747
3750
3751
3754
3756
3757
3759
3761
3765
3768
3770
3771
3773
3778
3780
3781
3782
3783
3785
3787
3788
3792
3797
3798
3799
3801
3802
3804
3806
3807
3808
3809
3811
3816
3817
3818
3821
3822
3823
3824
3825
3826
3827
3828
3829
3831
3835
3836
3837
3839
3840
3841
3842
3843
3844
3846
3848
3849
3850
3851
3852
3853
3854
3857
3858
3860
3861
3863
3864
3865
3867
3868
3869
3871
3872
3873
3875
3879
3882
3883
3885
3887
3888
3891
3895
3896
3897
3898
3899
3900
3901
3902
3904
3905
3906
3907
3908
3909
3912
3913
3915
3916
3917
3918
3919
3920
3921
3922
3923
3924
3925
3927
3928
3930
3931
3934
3935
3936
3938
3939
3940
3945
3948
3951
3952
3953
3954
3957
3958
3960
3961
3963
3964
3965
3966
3967
3968
3970
3971
3973
3974
3976
3977
3978
3979
3980
3982
3984
3985
3986
3988
3989
3991
3992
3993
3997
3998
3999
4002
4003
4005
4006
4007
4008
4011
4013
4014
4016
4017
4019
4020
4022
4024
4026
4027
4028
4029
4030
4031
4032
4034
4035
4036
4039
4043
4051
4052
4054
4055
4056
4057
4059
4060
4062
4063
4064
4065
4070
4071
4072
4074
4075
4076
4077
4079
4080
4081
4088
4089
4090
4091
4094
4096
4097
4098
4101
4103
4105
4107
4110
4111
4112
4113
4115
4117
4118
4122
4125
4126
4128
4129
4131
4132
4133
4136
4138
4139
4140
4141
4142
4144
4146
4150
4152
4153
4158
4159
4160
4164
4169
4170
4172
4174
4175
4176
4177
4181
4182
4186
4187
4188
4189
4190
4191
4192
4194
4197
4198
4200
4201
4204
4205
4206
4209
4210
4211
4213
4214
4216
4217
4219
4224
4228
4230
4231
4232
4234
4236
4237
4240
4242
4244
4246
4247
4250
4253
4255
4256
4257
4259
4260
4261
4265
4267
4270
4271
4272
4273
4276
4280
4282
4284
4286
4287
4288
4289
4291
4294
4299
4301
4302
4304
4305
4309
4310
4312
4313
4314
4315
4317
4322
4323
4327
4328
4332
4334
4337
4338
4339
4340
4341
4344
4345
4347
4349
4351
4352
4353
4355
4356
4361
4362
4366
4367
4368
4370
4371
4372
4373
4375
4377
4381
4382
4384
4385
4386
4387
4389
4390
4391
4393
4395
4396
4399
4400
4401
4404
4406
4407
4409
4410
4411
4413
4417
4419
4420
4422
4424
4426
4428
4429
4430
4431
4435
4437
4439
4441
4442
4444
4447
4449
4450
4451
4452
4454
4457
4458
4459
4460
4461
4462
4464
4465
4466
4468
4472
4473
4474
4477
4479
4480
4483
4485
4486
4488
4489
4490
4491
4492
4493
4494
4496
4497
4498
4499
4500
4503
4504
4505
4506
4508
4510
4512
4513
4515
4522
4524
4525
4526
4528
4529
4530
4536
4537
4538
4539
4541
4542
4544
4546
4548
4549
4551
4553
4554
4560
4561
4563
4564
4567
4568
4570
4573
4575
4579
4580
4584
4597
4598
4600
4601
4602
4603
4608
4609
4610
4618
4626
4628
4629
4631
4636
4637
4638
4640
4641
4642
4643
4647
4649
4653
4655
4663
4666
4668
4669
4673
4677
4679
4680
4683
4685
4686
4694
4705
4706
4707
4708
4710
4711
4714
4720
4723
4724
4728
4738
4739
4740
4742
4746
4749
4752
4753
4760
4773
4774
4775
4776
4777
4781
4782
4785
4786
4789
4790
4801
4804
4808
4810
4811
4814
4817
4819
4820
4823
4824
25219
4827
4828
4835
4836
4837
4838
4849
4852
4853
4857
4862
4863
4866
4873
4874
4876
4878
4880
4884
4885
4888
4889
4892
4900
4902
4905
4910
4919
4921
4922
4928
4930
4931
4935
4936
4937
4940
4942
4944
4945
4946
4952
4955
4957
4959
4962
4965
4966
4967
4970
4974
4975
4976
4989
4993
4994
5000
5001
5002
5005
5007
5008
5009
5011
5014
5016
5019
5022
5024
5025
5026
5027
5029
5034
5035
5036
5044
5045
5047
5048
5049
5051
5052
5054
5055
5057
5058
5062
5067
5068
5069
5073
5075
5078
5080
5082
5084
5087
5089
5093
5094
5097
5098
5100
5102
5104
5105
5106
5107
5111
5112
5116
5117
5118
5119
5120
5121
5124
5125
5126
5127
5130
5131
5134
5135
5136
5137
5140
5142
5143
5144
5145
5146
5147
5148
5150
5151
5152
5154
5156
5157
5158
5159
5160
5163
5164
5165
5166
5168
5169
5170
5173
5174
5177
5179
5183
5184
5185
5186
5187
5188
5189
5190
5191
5192
5194
5195
5196
5197
5199
5200
5201
5204
5207
5208
5211
5212
5215
5216
5219
5220
5221
5222
5226
5227
5229
5230
5232
5233
5234
5235
5236
5238
5240
5242
5244
5245
5246
5247
5251
5252
5254
5256
5257
5259
5260
5261
5263
5264
5271
5274
5275
5277
5278
5280
5286
5297
5299
5323
5325
5328
5336
5342
5344
5347
5350
5353
5354
5358
5359
5363
5365
5366
5369
5370
5373
5374
5375
5378
5379
5380
5381
5384
5389
5390
5395
5400
5401
5408
5411
5417
5419
5421
5423
5424
5427
5428
5429
5431
5433
5434
5439
5440
5444
5445
5446
5447
5456
5459
5461
5462
5463
5465
5466
5467
5470
5473
5474
5477
5478
5481
5483
5485
5486
5487
5489
5490
5491
5492
5493
5494
5497
5503
5504
5506
5512
5513
5514
5515
5516
5517
5520
5521
5522
5524
5525
5531
5536
5537
5538
5541
5544
5546
5554
5555
5557
5560
5563
5564
5568
5570
5571
5572
5576
5578
5579
5580
5581
5583
5587
5594
5597
5599
5600
5602
5603
5608
5609
5614
5616
5619
5622
5627
5628
5631
5633
5634
5637
5638
5643
5644
5645
5646
5647
5651
5655
5656
5657
5661
5662
5663
5670
5672
5673
5674
5684
5686
5688
5691
5692
5693
5698
5699
5705
5710
5715
5716
5718
5720
5721
5725
5726
5738
5740
5741
5746
5762
5765
5768
5772
5774
5786
5790
5792
5797
5799
5801
5811
5815
5821
5829
5833
5834
5839
5843
5846
5847
5848
5851
5852
5855
5857
5858
5861
5864
5865
5866
5871
5872
5874
5876
5877
5879
5881
5883
5885
5886
5888
5892
5894
5898
5901
5907
5908
5912
5913
5914
5916
5917
5918
5919
5924
5926
5931
5932
5933
5935
5937
5939
5940
5941
5943
5945
5946
5948
5950
5951
5952
5953
5955
5956
5963
5964
5965
5966
5967
5969
5971
5972
5974
5976
5982
5983
5985
5987
5989
5990
5994
5995
5999
6001
6002
6003
6004
6006
6010
6011
6015
6017
6019
6021
6022
6024
6025
6027
6028
6031
6032
6033
6034
6035
6037
6043
6044
6045
6049
6053
6054
6055
6056
6058
6059
6060
6062
6064
6065
6066
6067
6068
6069
6073
6078
6079
6081
6082
6083
6088
6089
6090
6091
6092
6095
6096
6098
6101
6102
6106
6107
6109
6110
6115
6117
6118
6121
6122
6126
6130
6132
6133
6136
6137
6138
6139
6142
6143
6145
6152
6153
6154
6155
6156
6157
6160
6162
6163
6165
6166
6167
6168
6171
6172
6173
6176
6178
6179
6182
6183
6190
6192
6193
6197
6200
6203
6204
6212
6213
6217
6219
6222
6225
6229
6233
6236
6238
6241
6242
6244
6245
6249
6250
6252
6258
6261
6263
6264
6266
6270
6271
6272
6273
6275
6277
6281
6282
6283
6286
6287
6288
6289
6292
6299
6300
6301
6302
6303
6304
6305
6306
6307
6310
6311
6315
6316
6320
6321
6325
6326
6327
6328
6329
6333
6335
6337
6339
6340
6341
6342
6344
6345
6346
6348
6353
6355
6357
6358
6361
6362
6363
6364
6365
6368
6369
6372
6373
6374
6377
6378
6380
6382
6383
6384
6385
6386
6387
6388
6390
6391
6392
6394
6400
6405
6409
6411
6414
6415
6417
6419
6420
6424
6425
6426
6427
6428
6431
6432
6434
6435
6436
6439
6441
6442
6445
6446
6448
6450
6451
6452
6454
6457
6458
6459
6460
6461
6462
6467
6471
6472
6474
6475
6476
6478
6481
6482
6484
6485
6487
6489
6490
6492
6494
6496
6500
6501
6507
6508
6509
6510
6513
6515
6518
6522
6523
6529
6531
6535
6536
6538
6543
6548
6550
6556
6567
6587
6601
6603
6605
6741
6797
6801
6825
6847
6860
6864
6885
6921
6965
6966
6969
6994
7030
7082
7085
7089
7095
7132
7188
7210
7245
7267
7383
7384
7385
7386
7403
7412
7420
7439
7440
7446
7460
7469
7471
7476
7486
7487
7501
7512
7516
7517
7523
7541
7545
7555
7559
7574
7586
7594
7604
7605
7657
7671
7679
7686
7689
7701
7702
7705
7737
7749
7764
7767
7774
7781
7795
7801
7811
7814
7817
7821
7842
7873
7880
7886
11725
11726
11727
11728
11729
25224
25225
25226
11734
11735
11736
11747
11751
11755
11756
11757
11758
11759
11760
11761
11762
11763
11765
11766
11767
11768
11769
11770
11771
11772
11773
11774
11776
11777
11778
11780
11781
11782
11783
11784
11785
11786
25229
11806
11807
11808
11809
11810
11811
11813
11814
11819
11839
11840
25236
11843
11844
11846
11847
11849
11851
11853
11860
11861
25237
25239
11873
11874
11882
11884
11887
11889
11891
11893
11897
11911
11912
11913
11914
11915
11916
11917
25246
11919
11920
11921
11922
11923
11924
11925
11926
11928
11932
11933
11934
11946
11947
11948
11949
11950
11953
11960
11969
11971
11972
25251
11978
11979
11980
11981
11982
11985
11988
11991
11992
11993
11994
11996
11997
11998
11999
12000
12001
12002
12003
12004
12007
12009
12011
12016
12019
12020
12021
12022
12023
12036
12044
12046
12048
12049
12050
12051
12053
12054
12061
12063
12067
12068
12074
12088
25254
12091
12094
12105
12106
12110
12120
12121
12122
12123
12126
12127
12323
12333
25259
15037
25261
15067
15084
15085
15086
15087
15088
15089
15091
25264
15104
25266
15120
15121
15123
15126
25268
15233
15328
15334
15483
15484
15485
15498
15506
25275
15508
15517
25277
15520
15533
15548
15552
15553
15563
15569
25290
15582
15602
15608
15610
25314
15627
15628
15640
15644
15649
15652
15654
15655
15657
15660
15661
15678
15683
15684
15696
15700
15701
15711
15712
15713
15715
15716
15800
15802
15804
15806
15807
15808
15809
15810
15816
15821
15822
15823
15824
15825
15828
15829
15833
25304
15855
15856
15859
15867
15870
15951
15952
15954
15955
16020
16021
16146
16152
16168
16169
25306
16171
16172
16181
16182
16184
16185
16191
16259
16260
16267
16348
16351
16354
16355
16357
16359
16362
16364
16365
16366
16371
16373
16380
16416
16421
16431
16446
16456
16462
16465
16467
16476
16480
16481
16483
16520
16521
16522
16539
16542
16557
16559
16561
16562
25318
16571
15637
15490
25320
16579
16580
16587
16594
16595
16597
16598
16599
16600
16601
16604
16605
16606
16607
16608
16609
16610
16613
16620
16622
16624
16626
16628
16629
16633
16636
16637
16638
16641
16643
16644
16646
16647
16650
16652
16654
16655
16656
16657
16658
16659
16661
16662
16665
16666
16667
16671
16672
16673
16674
16675
16677
16688
16689
16691
16694
16695
16710
16716
16718
16719
16724
16738
16739
16741
16743
16745
16751
16755
16756
16759
16767
16772
16773
16774
16775
16778
16779
16785
16787
16789
16790
16791
16792
16796
16798
16800
16801
16802
16805
16810
16811
16814
16815
16816
16818
16820
16822
16823
16825
16826
16828
16829
16830
16831
16832
16833
16834
16835
16837
16839
16841
16844
16845
16846
16848
16850
16851
16852
16853
16854
16856
16857
16858
16862
16863
16864
16865
16867
16868
16869
16870
16871
16872
16873
16875
16879
16880
16881
16883
16885
16886
16887
16890
16891
16892
16893
16895
16897
16900
16901
16907
16908
16910
16911
16912
16913
16914
16916
16917
16918
16919
16920
16921
16922
16923
16924
16926
16927
16929
16930
16931
16932
16933
16934
16935
16937
16938
16943
16944
16945
16946
16948
16951
16953
16954
16956
16963
16964
16965
16966
16967
16968
16970
16973
16974
16975
16980
16981
16983
16986
16987
16989
16990
16991
16992
16993
16994
16996
16999
17000
17001
17002
17003
17004
17005
17006
17008
17010
17011
17013
17014
17015
17016
17017
17018
17020
17021
17023
17024
17026
17028
17030
17032
17035
17036
17038
17041
17048
17049
17053
17054
17058
17059
17060
17062
17065
17067
17069
17071
17074
17075
17079
17083
17087
17088
17090
17091
17092
17093
17094
17095
17096
17099
17100
17103
17104
17105
17106
17107
17108
17111
17113
17114
17116
17117
17118
17119
17120
17121
17122
17124
17125
17126
17127
17128
17129
17130
17133
17135
17136
17139
17140
17142
17144
17147
17148
17150
17153
17154
17156
17158
17160
17162
17163
17164
17165
17166
17168
17169
17171
17173
17174
17175
17176
17177
17179
17180
17181
17184
17186
17189
17190
17191
17192
17194
17195
17197
17198
17199
17200
17204
17205
17206
17207
17208
17209
17211
17213
17215
17216
17217
17218
17221
17222
17223
17224
17225
17227
17228
17229
17230
17234
17235
17236
17238
17239
17240
17243
17245
17248
17251
17253
17254
17256
17257
17260
17262
17265
17266
17267
17271
17273
17274
17276
17277
17278
17279
17280
17281
17282
17283
17284
17285
17286
17288
17289
17290
17291
17292
17293
17294
17296
17297
17298
17300
17303
17304
17306
17309
17310
17312
17314
17315
17316
17317
17322
17323
17325
17327
17328
17329
17330
17331
17332
17333
17334
17336
17337
17338
17339
17340
17342
17343
17344
17346
17348
17349
17350
17354
17356
17357
17360
17361
17367
17370
17371
17372
17374
17375
17378
17379
17384
17386
17387
17388
17389
17390
17391
17392
17393
17399
17403
17406
17407
17409
17410
17413
17414
17415
17420
17423
17424
17425
17426
17427
17428
17429
17437
17439
17443
17446
17448
17449
17451
17453
17457
17460
17461
17462
17464
17465
17466
17467
17468
17469
17470
17471
17472
17474
17475
17476
17480
17481
17482
17483
17484
17485
17488
17489
17492
17493
17494
17495
17498
17503
17512
17514
17516
17519
17520
17525
17526
17527
17528
17529
17531
17534
17535
17538
17539
17543
17544
17546
17549
17551
17553
17555
17558
17559
17560
17561
17562
17564
17567
17568
17569
17572
17573
17576
17588
17592
17595
17596
17598
17601
17602
17606
17609
17611
17612
17615
17617
17622
17623
17624
17625
17627
17631
17632
17635
17636
17637
17638
17645
17647
17650
17651
17652
17653
17654
17658
17659
17660
17661
17663
17666
17667
17668
17669
17670
17671
17672
17674
17677
17679
17682
17683
17685
17691
17692
17694
17699
17700
17701
17702
17703
17704
17706
17709
17712
17714
17715
17716
17720
17721
17724
17727
17731
17734
17739
17740
17743
17745
17750
17753
17754
17755
17756
17757
17761
17767
17770
17772
17777
17778
17779
17783
17785
17786
17789
17795
17796
17797
17799
17800
17802
17803
17807
17810
17817
17818
17819
17820
17823
17824
17825
17826
17827
17829
17831
17834
17840
17842
17843
17846
17850
17852
17853
17854
17857
17858
17860
17861
17862
17863
17865
17867
17868
17869
17870
17871
17875
17876
17877
17881
17882
17883
17885
17886
17887
17892
17893
17894
17895
17898
17899
17900
17901
17902
17910
17911
17912
17913
17916
17917
17918
17919
17920
17922
17924
17928
17929
17930
17931
17932
17937
17938
17939
17942
17943
17944
17945
17948
17949
17950
17954
17959
17964
17965
17970
17971
17972
17973
17977
17982
17983
17985
17986
17988
17989
17994
17995
17996
17997
17998
17999
18003
18006
18012
18015
18016
18020
18026
18027
18029
18033
18034
18035
18037
18039
18045
18048
18050
18051
18053
18054
18055
18057
18058
18059
18064
18065
18066
18068
18071
18074
18076
18078
18080
18084
18085
18086
18087
18089
18090
18094
18096
18098
18099
18102
18103
18106
18107
18108
18110
18113
18115
18117
18120
18123
18124
18125
18127
18129
18130
18131
18132
18136
18137
18138
18141
18142
18143
18144
18145
18146
18147
18148
18150
18151
18152
18154
18157
18159
18160
18161
18163
18164
18168
18169
18171
18172
18173
18174
18175
18176
18177
18178
18179
18180
18182
18183
18184
18185
18186
18187
18188
18189
18191
18193
18194
18195
18198
18199
18202
18203
18204
18205
18206
18209
18213
18214
18216
18217
18220
18221
18222
18224
18225
18227
18229
18232
18233
18236
18240
18241
18243
18245
18250
18251
18252
18253
18256
18257
18258
18259
18261
18262
18264
18265
18266
18268
18269
18270
18272
18273
18274
18276
18277
18279
18283
18287
18291
18292
18295
18296
18297
18298
18299
18301
18302
18306
18307
18308
18311
18312
18315
18316
18317
18319
18322
18323
18324
18327
18329
18330
18331
18334
18335
18337
18339
18341
18343
18344
18346
18347
18349
18355
18356
18357
18358
18362
18363
18365
18366
18368
18369
18370
18371
18373
18374
18376
18377
18378
18379
18380
18381
18382
18383
18384
18385
18386
18387
18391
18392
18393
18394
18395
18397
18398
18400
18402
18403
18405
18406
18409
18410
18414
18417
18418
18419
18422
18423
18424
18425
18433
18435
18437
18438
18440
18441
18442
18443
18444
18445
18446
18448
18449
18450
18451
18452
18453
18454
18455
18459
18460
18467
18470
18471
18472
18480
18481
18482
18483
18484
18488
18489
18490
18491
18492
18493
18494
18496
18497
18498
18499
18500
18504
18506
18507
18508
18509
18511
18515
18517
18518
18519
18520
18521
18522
18524
18525
18526
18528
18530
18531
18532
18534
18535
18536
18537
18538
18539
18540
18543
18545
18547
18548
18549
18550
18554
18555
18561
18562
18563
18565
18567
18568
18569
18570
18571
18572
18573
18574
18576
18577
18578
18579
18580
18581
18582
18583
18585
18587
18589
18590
18592
18593
18594
18596
18597
18601
18602
18605
18607
18608
18609
18610
18611
18612
18613
18615
18618
18619
18620
18627
18628
18630
18632
18633
18634
18635
18636
18639
18640
18643
18644
18645
18646
18647
18648
18649
18651
18655
18656
18657
18658
18659
18663
18664
18665
18667
18668
18670
18672
18673
18676
18677
18678
18679
18680
18682
18684
18685
18686
18687
18688
18689
18690
18691
18692
18693
18694
18695
18698
18700
18701
18704
18706
18708
18712
18715
18719
18720
18722
18723
18724
18725
18726
18727
18728
18731
18732
18733
18734
18735
18736
18738
18739
18740
18742
18743
18744
18745
18746
18747
18748
18749
18750
18751
18752
18753
18754
18756
18757
18759
18761
18763
18765
18766
18767
18771
18772
18773
18774
18775
18776
18777
18780
18782
18783
18784
18786
18787
18789
18792
18793
18795
18796
18797
18799
18800
18801
18804
18805
18806
18807
18808
18809
18811
18812
18814
18816
18819
18820
18821
18823
18824
18825
18826
18828
18829
18830
18831
18839
18842
18844
18845
18846
18849
18850
18851
18853
18854
18855
18857
18858
18860
18861
18862
18865
18866
18868
18869
18870
18873
18874
18875
18876
18880
18882
18883
18885
18886
18887
18889
18893
18895
18897
18898
18899
18903
18904
18905
18906
18907
18911
18912
18913
18915
18916
18918
18919
18922
18924
18925
18928
18931
18934
18935
18937
18943
18945
18948
18951
18956
18957
18958
18960
18962
18963
18964
18969
18976
18978
18979
18982
18984
18989
18990
18992
18994
18996
18998
19000
19002
19012
19014
19015
19018
19021
19022
19023
19026
19028
19030
19032
19033
19037
19038
19042
19043
19044
19046
19047
19048
19050
19052
19053
19055
19056
19063
19064
19067
19073
19076
19079
19082
19084
19088
19089
19092
19094
19098
19101
19107
19108
19110
19112
19120
19122
19124
19128
19129
19133
19137
19138
19139
19140
19141
19148
19150
19152
19153
19157
19161
19162
19164
19165
19167
19171
19172
19173
19174
19179
19180
19181
19182
19184
19186
19189
19194
19196
19198
19200
19201
19207
19210
19215
19216
19218
19220
19221
19224
19226
19227
19228
19231
19235
19238
19240
19245
19246
19248
19251
19254
19257
19258
19262
19266
19269
19270
19271
19273
19276
19278
19280
19281
19285
19289
19290
19291
19292
19293
19294
19300
19301
19302
19305
19307
19308
19309
19312
19314
19316
19319
19320
19326
19328
19329
19333
19334
19342
19343
19344
19345
19348
19349
19350
19351
19352
19355
19359
19361
19363
19364
19366
19367
19368
19373
19383
19384
19388
19395
19397
19398
19400
19403
19407
19408
19412
19417
19430
19431
19434
19439
19442
19448
19450
19451
19452
19453
19455
19456
19457
19458
19459
19461
19465
19470
19471
19475
19479
19485
19486
19488
19492
19493
19495
19497
19500
19501
19503
19506
19512
19513
19514
19515
19516
19517
19520
19524
19525
19527
19528
19529
19532
19533
19534
19536
19544
19549
19550
19551
19554
19556
19557
19558
19559
19560
19561
19562
19563
19564
19565
19566
19568
19571
19573
19575
19576
19577
19578
19583
19585
19587
19589
19590
19592
19593
19594
19595
19598
19600
19604
19605
19607
19610
19612
19614
19617
19619
19621
19622
19624
19627
19628
19629
19632
19633
19634
19635
19636
19638
19639
19641
19642
19643
19644
19645
19646
19649
19650
19653
19656
19658
19659
19660
19661
19662
19663
19664
19665
19667
19669
19670
19672
19673
19675
19676
19678
19679
19680
19681
19684
19685
19686
19689
19690
19691
19692
19693
19694
19695
19700
19702
19703
19704
19705
19706
19709
19710
19712
19714
19715
19716
19717
19718
19720
19723
19725
19727
19728
19730
19735
19736
19738
19741
19742
19743
19745
19746
19748
19749
19750
19752
19753
19755
19756
19757
19758
19759
19760
19761
19763
19764
19765
19766
19768
19770
19772
19774
19777
19778
19781
19782
19783
19784
19786
19787
19788
19789
19791
19792
19793
19795
19799
19804
19807
19808
19809
19810
19812
19813
19815
19817
19819
19823
19824
19825
19826
19829
19830
19836
19837
19838
19842
19844
19847
19848
19853
19855
19858
19859
19860
19861
19869
19872
19877
19878
19879
19880
19884
19885
19886
19888
19889
19891
19893
19895
19896
19898
19899
19900
19901
19905
19906
19907
19909
19910
19911
19913
19917
19920
19927
19929
19931
19935
19940
19944
19946
19947
19948
19953
19960
19962
19964
19979
19982
19986
19992
20001
20011
20015
20017
20021
20023
20026
20028
20034
20036
20039
20041
20043
20044
20047
20051
20055
20056
20058
20061
20062
20066
20067
20069
20071
20075
20076
20077
20080
20081
20084
20089
20090
20094
20095
20096
20097
20098
20100
20101
20102
20103
20105
20108
20109
20114
20117
20119
20122
20123
20125
20126
20128
20129
20130
20133
20134
20135
20136
20137
20141
20144
20147
20149
20150
20151
20153
20154
20156
20160
20164
20165
20168
20170
20172
20177
20180
20188
20190
20193
20194
20195
20197
20200
20201
20202
20206
20207
20209
20214
20215
20218
20219
20220
20222
20226
20227
20228
20229
20231
20232
20233
20243
20244
20245
20247
20250
20253
20254
20255
20260
20261
20263
20264
20265
20267
20270
20271
20276
20278
20279
20283
20286
20292
20295
20296
20301
20302
20304
20305
20307
20308
20309
20310
20312
20313
20314
20315
20317
20322
20323
20324
20332
20334
20336
20338
20344
20345
20346
20350
20351
20356
20357
20358
20360
20361
20363
20366
20367
20368
20369
20382
20392
20395
20397
20398
20400
20401
20412
20413
20416
20418
20424
20429
20431
20432
20433
20437
20439
20446
20448
20451
20453
20454
20458
20460
20461
20463
20464
20465
20466
20467
20468
20471
20472
20473
20488
20490
20491
20492
20494
20495
20496
20497
20498
20499
20500
20503
20508
20511
20512
20513
20515
20516
20520
20523
20527
20528
20529
20530
20531
20532
20533
20534
20535
20536
20538
20539
20542
20543
20545
20550
20551
20554
20556
20557
20558
20559
20560
20561
20563
20564
20565
20566
20567
20569
20571
20573
20575
20579
20582
20587
20588
20590
20596
20597
20598
20599
20600
20601
20602
20609
20610
20611
20612
20613
20614
20615
20620
20622
20625
20626
20631
20633
20634
20635
20636
20637
20638
20640
20641
20642
20644
20646
20647
20648
20652
20655
20656
20658
20659
20665
20666
20667
20668
20670
20675
20676
20677
20678
20681
20684
20686
20687
20688
20689
20691
20693
20694
20696
20697
20698
20699
20700
20701
20708
20709
20710
20713
20714
20720
20724
20726
20729
20734
20735
20736
20741
20742
20743
20746
20749
20761
20769
20771
20777
20783
20792
20793
20794
20795
20796
20799
20810
20819
20821
20822
20826
20827
20828
20829
20831
20839
20842
20843
20844
20848
20850
20851
20852
20856
20860
20861
20868
20872
20874
20875
20876
20877
20878
20879
20881
20883
20895
20896
20897
20898
20899
20900
20903
20905
20909
20912
20914
20916
20923
20925
20926
20931
20932
20938
20940
20943
20945
20946
20949
20950
20954
20955
20956
20958
20961
20962
20963
20967
20969
20970
20973
20974
20977
20979
20980
20981
20982
20983
20986
20987
20988
20990
20994
20996
20997
20998
20999
21000
21002
21007
21010
21012
21014
21015
21016
21020
21023
21025
21026
21028
21029
21031
21033
21035
21038
21039
21041
21042
21049
21050
21054
21060
21062
21065
21071
21073
21075
21080
21081
21084
21085
21086
21088
21090
21091
21093
21095
21096
21098
21099
21104
21109
21110
21111
21113
21114
21118
21119
21120
21121
21122
21126
21127
21128
21129
21130
21131
21133
21134
21135
21136
21137
21138
21140
21143
21144
21145
21146
21147
21149
21150
21151
21152
21153
21154
21157
21162
21163
21165
21166
21167
21169
21171
21174
21175
21176
21177
21180
21184
21186
21187
21188
21189
21190
21192
21194
21195
21197
21198
21199
21200
21204
21206
21207
21208
21210
21212
21215
21217
21219
21222
21223
21224
21226
21227
21228
21232
21235
21237
21239
21242
21243
21244
21245
21246
21250
21252
21257
21264
21265
21266
21268
21269
21270
21271
21273
21275
21276
21278
21279
21280
21283
21284
21285
21286
21287
21290
21297
21298
21299
21302
21303
21305
21307
21311
21312
21316
21317
21318
21319
21320
21321
21322
21324
21325
21327
21328
21331
21332
21333
21338
21339
21344
21345
21349
21350
21355
21357
21359
21362
21364
21368
21371
21372
21374
21377
21378
21381
21382
21383
21385
21386
21387
21390
21392
21394
21396
21398
21399
21401
21402
21403
21404
21408
21409
21413
21415
21418
21420
21421
21426
21427
21428
21431
21432
21444
21449
21456
21457
21462
21464
21466
21467
21468
21470
21472
21474
21475
21476
21477
21478
21479
21480
21484
21487
21488
21489
21490
21498
21499
21500
21510
21514
21515
21523
21533
21535
21536
21537
21543
21547
21552
21554
21555
21557
21558
21559
21564
21565
21566
21569
21571
21575
21577
21578
21580
21583
21584
21596
21597
21598
21599
21601
21602
21608
21611
21612
21613
21614
21619
21622
21623
21625
21626
21640
21641
21642
21643
21644
21646
21647
21648
21651
21652
21653
21654
21657
21660
21663
21664
21666
21667
21669
21670
21683
21686
21687
21688
21689
21690
21691
21692
21693
21694
21695
21696
21698
21703
21704
21710
21713
21714
21715
21717
21718
21719
21722
21725
21728
21729
21730
21731
21732
21733
21735
21736
21738
21739
21740
21741
21742
21743
21746
21747
21748
21750
21752
21754
21755
21756
21757
21759
21763
21764
21765
21766
21768
21771
21774
21775
21776
21777
21778
21785
21787
21791
21792
21793
21798
21799
21801
21802
21803
21804
21805
21806
21807
21809
21811
21813
21814
21815
21816
21817
21819
21820
21821
21823
21824
21826
21827
21828
21834
21835
21836
21841
21842
21846
21847
21848
21849
21850
21852
21853
21854
21855
21856
21857
21858
21859
21861
21863
21865
21867
21868
21871
21872
21873
21878
21882
21883
21884
21885
21886
21887
21888
21893
21896
21898
21899
21901
21902
21906
21908
21909
21910
21915
21921
21922
21928
21930
21934
21935
21938
21940
21941
21944
21949
21950
21955
21960
21961
21962
21963
21965
21966
21967
21968
21971
21972
21976
21978
21979
21980
21981
21983
21985
21987
21990
21991
21992
21993
21995
21996
21998
22001
22003
22005
22010
22011
22013
22014
22018
22020
22021
22024
22026
22028
22029
22030
22031
22033
22040
22042
22046
22053
22054
22055
22056
22060
22066
22067
22068
22069
22070
22075
22078
22088
22090
22096
22101
22109
22110
22111
22113
22114
22115
22116
22125
22130
22132
22137
22138
22140
22142
22144
22145
22148
22149
22150
22153
22154
22156
22157
22158
22159
22161
22164
22167
22168
22169
22170
22173
22177
22179
22180
22181
22182
22183
22184
22185
22186
22187
22189
22192
22194
22195
22197
22198
22200
22201
22208
22209
22212
22213
22216
22217
22218
22219
22224
22225
22226
22228
22233
22234
22235
22237
22238
22239
22240
22241
22242
22243
22244
22245
22248
22250
22251
22252
22254
22256
22258
22259
22261
22262
22263
22264
22269
22270
22272
22273
22276
22279
22285
22286
22288
22291
22294
22295
22297
22302
22303
22306
22307
22308
22309
22313
22314
22316
22317
22318
22321
22323
22324
22326
22327
22330
22331
22334
22336
22337
22338
22339
22340
22341
22342
22344
22345
22346
22348
22349
22350
22352
22354
22356
22357
22358
22359
22360
22361
22362
22364
22365
22366
22367
22369
22370
22372
22375
22378
22379
22381
22383
22384
22385
22387
22388
22389
22390
22392
22394
22396
22398
22402
22405
22407
22408
22409
22411
22416
22418
22419
22421
22423
22425
22426
22431
22433
22436
22437
22438
22441
22445
22446
22451
22452
22453
22454
22457
22458
22460
22463
22465
22466
22468
22469
22470
22471
22472
22474
22476
22477
22478
22479
22480
22482
22485
22486
22487
22488
22491
22492
22493
22496
22497
22499
22500
22503
22504
22505
22506
22507
22508
22509
22510
22511
22512
22513
22514
22520
22522
22523
22524
22525
22526
22529
22530
22531
22533
22534
22535
22536
22537
22539
22542
22543
22546
22547
22549
22550
22551
22552
22553
22554
22555
22557
22560
22563
22564
22566
22567
22568
22569
22570
22572
22573
22574
22577
22579
22580
22581
22582
22584
22585
22586
22588
22589
22590
22591
22594
22596
22597
22599
22601
22602
22604
22605
22606
22607
22610
22611
22613
22614
22615
22616
22618
22619
22620
22624
22625
22626
22627
22628
22631
22633
22634
22636
22639
22642
22646
22649
22651
22652
22655
22656
22657
22660
22662
22664
22667
22668
22669
22671
22672
22674
22675
22678
22680
22681
22682
22684
22685
22686
22687
22688
22689
22690
22691
22693
22694
22695
22696
22697
22699
22700
22702
22703
22704
22706
22708
22709
22711
22712
22713
22714
22715
22716
22717
22718
22719
22720
22723
22724
22725
22729
22730
22731
22734
22735
22736
22737
22738
22739
22741
22743
22744
22748
22750
22751
22752
22753
22756
22757
22758
22759
22760
22761
22762
22763
22764
22765
22767
22771
22772
22776
22777
22780
22782
22783
22785
22786
22787
22789
22792
22794
22795
22796
22797
22801
22802
22804
22807
22810
22811
22813
22814
22815
22816
22825
22826
22828
22829
22830
22831
22832
22833
22835
22836
22838
22839
22841
22843
22844
22845
22847
22851
22853
22856
22857
22858
22859
22860
22861
22866
22869
22871
22873
22874
22875
22876
22877
22878
22879
22880
22882
22883
22884
22887
22888
22889
22891
22897
22898
22900
22901
22902
22906
22907
22908
22909
22910
22913
22914
22916
22917
22918
22920
22921
22922
22923
22925
22930
22935
22936
22937
22938
22939
22940
22942
22943
22944
22945
22946
22950
22956
22957
22959
22960
22961
22962
22963
22964
22967
22968
22969
22972
22976
22979
22980
22981
22983
22985
22986
22987
22988
22989
22991
22994
22995
22997
22998
23002
23005
23008
23009
23010
23012
23013
23014
23015
23016
23020
23021
23022
23026
23027
23029
23030
23031
23032
23033
23034
23035
23039
23048
23053
23054
23057
23058
23059
23062
23073
23077
23079
23080
23082
23086
23087
23090
23092
23093
23095
23096
23097
23099
23102
23103
23104
23105
23106
23107
23108
23110
23111
23112
23113
23115
23117
23118
23123
23124
23125
23134
23137
23142
23144
23145
23147
23148
23149
23153
23157
23158
23159
23175
23179
23186
23187
23188
23189
23192
23193
23196
23197
23199
23201
23203
23208
23211
23213
23214
23216
23220
23222
23223
23227
23229
23230
23231
23232
23233
23236
23237
23239
23242
23246
23247
23249
23250
23251
23255
23256
23261
23262
23264
23265
23266
23267
23268
23271
23274
23277
23278
23279
23280
23285
23286
23292
23294
23296
23298
23300
23302
23304
23320
23321
23322
23324
23325
23333
23344
23345
23348
23349
23354
23369
23386
23387
23388
23390
23395
23397
23398
23399
23400
23401
23402
23404
23408
23413
23415
23417
23419
23422
23426
23427
23428
23429
23434
23437
23439
23443
23444
23445
23446
23448
23449
23450
23454
23461
23462
23463
23467
23468
23469
23474
23477
23481
23482
23484
23485
23486
23489
23490
23491
23495
23504
23505
23511
23513
23517
23519
23520
23521
23522
23523
23526
23528
23530
23531
23532
23534
23535
23536
23538
23543
23561
23562
23564
23565
23567
23568
23569
23570
23573
23577
23579
23582
23592
23596
23597
23601
23605
23606
23610
23611
23612
23616
23617
23618
23622
23623
23624
23626
23627
23629
23630
23631
23632
23633
23635
23636
23638
23639
23642
23644
23645
23648
23649
23650
23651
23652
23653
23654
23656
23657
23659
23660
23662
23663
23665
23666
23667
23669
23670
23671
23672
23673
23674
23676
23677
23678
23679
23680
23681
23682
23683
23684
23685
23688
23689
23690
23691
23693
23694
23695
23698
23699
23702
23703
23704
23705
23706
23707
23708
23709
23714
23717
23718
23720
23722
23723
23725
23729
23733
23736
23738
23739
23740
23741
23742
23743
23744
23745
23747
23748
23749
23751
23757
23758
23761
23765
23766
23767
23768
23769
23770
23773
23775
23776
23777
23779
23781
23787
23801
23803
23805
23806
23807
23810
23814
23815
23818
23820
23824
23826
23827
23828
23830
23831
23832
23833
23836
23838
23853
23859
23860
23863
23864
23865
23866
23867
23872
23874
23875
23876
23877
23880
23885
23889
23890
23892
23894
23895
23896
23900
23913
23914
23919
23920
23922
23928
23932
23936
23941
23947
23949
23963
23964
23971
23973
23974
23975
23976
23978
23979
23980
23981
23982
23984
23985
23986
23987
23988
23989
23993
23995
23997
23998
23999
24001
24004
24006
24007
24008
24009
24010
24011
24012
24013
24014
24017
24018
24019
24032
24034
24036
24037
24038
24039
24040
24042
24044
24045
24046
24048
24049
24051
24052
24055
24056
24057
24062
24063
24064
24065
24077
24078
24079
24080
24081
24082
24083
24085
24086
24087
24088
24089
24090
24091
24092
24093
24095
24096
24097
24098
24099
24100
24101
24102
24103
24104
24105
24106
24108
24109
24110
24111
24112
24113
24114
24115
24116
24119
24124
24125
24131
24133
24135
24142
24143
24144
24149
24152
24154
24161
24167
24168
24174
24181
24182
24189
24191
24196
24197
24198
24200
24201
24202
24203
24205
24207
24208
24210
24211
24216
24217
24218
24221
24222
24223
24224
24228
24229
24230
24231
24232
24233
24235
24237
24239
24242
24243
24244
24245
24246
24253
24256
24257
24260
24263
24266
24270
24279
24281
24282
24283
24286
24288
24297
24300
24306
24307
24308
24314
24316
24319
24328
24330
24331
24332
24333
24334
24335
24336
24337
24339
24340
24344
24345
24352
24353
24357
24359
24362
24363
24365
24369
24370
24372
24373
24375
24376
24377
24379
24380
24381
24383
24385
24388
24390
24391
24395
24396
24397
24398
24399
24401
24402
24406
24408
24409
24410
24414
24415
24421
24423
24428
24431
24435
24443
24447
24448
24462
24463
24464
24465
24466
24470
24471
24472
24473
24474
24475
24479
24482
24484
24491
24492
24507
24511
24512
24513
24516
24518
24523
24524
24528
24529
24530
24536
24537
24538
24540
24541
24543
24547
24548
24551
24552
24553
24555
24556
24566
24568
24570
24574
24576
24584
24586
24589
24591
24592
24595
24596
24602
24603
24604
24605
24611
24612
24613
24614
24616
24618
24619
24620
24621
24623
24627
24632
24634
24635
24636
24637
24638
24641
24642
24643
24644
24645
24647
24648
24649
24650
24651
24658
24659
24663
24665
24667
24675
24682
24685
24688
24699
24700
24703
24706
24707
24710
24716
24718
24721
24723
24728
24733
24734
24735
24736
24737
24738
24739
24741
24743
24746
24749
24750
24753
24754
24755
24756
24757
24758
24767
24768
24769
24770
24776
24777
24790
24791
24792
24796
24799
24802
24803
24809
24812
24814
24816
24817
24824
24826
24827
24829
24832
24833
24834
24835
24836
24837
24838
24839
24840
24841
24842
24843
24844
24846
24848
24849
24851
24853
24854
24855
24857
24869
24870
24871
24873
24874
24877
24878
24879
24880
24883
24884
24885
24886
24891
24892
24895
24896
24897
24905
24910
24912
24915
24916
24917
24920
24921
24922
24923
24925
24926
24927
24928
24933
24937
24938
24939
24941
24942
24946
24948
24958
24967
24969
24978
24983
24984
24985
24987
24988
24992
24995
24996
25014
25016
25023
25024
25025
25030
25031
25033
25043
25052
25053
25065
25068
25070
25073
25074
25079
25080
25085
25088
25089
25090
25091
25092
25094
25097
25098
25099
25102
25107
25109
25124
25125
25129
25130
25131
25132
25133
25138
25145
25146
25159
25162
25163
25164
25165
25175
25176
25177
25180
25186
25188
25189
25190
25191
25197
25199
25200
25202
25203
25206
25210
21890
17578
23842
24392
16760
18778
24550
25103
25201
16941
16952
18447
18863
19005
19801
24795
4577
25308
19597
21592
24076
24387
16581
17550
18616
18625
24501
24715
24943
22803
22812
22823
22837
22842
22855
22870
22872
22886
22890
22894
22895
22896
22905
22965
22971
22992
23000
23019
23023
23040
23042
23045
23065
23088
23091
23127
23139
23154
23156
23177
24669
5808
5810
5816
5822
5827
5832
5842
5854
5875
5891
5895
5900
5909
5915
5930
5962
5979
5984
5986
6077
6086
6113
6114
6129
6158
6177
6194
6195
6206
6224
6232
6280
6319
6397
6410
6438
6447
6453
6455
6483
6516
6519
6528
6534
6539
6546
6549
6553
6555
6557
6042
