2
3
4
7
8
9
11
13
15
17
18
19
20
21
22
23
24
25
28
29
30
31
32
33
34
35
36
37
38
39
40
41
43
45
46
47
48
49
50
51
52
53
54
55
56
57
58
59
60
61
62
63
64
65
66
67
68
69
70
71
73
74
75
77
78
79
80
81
82
83
84
85
86
87
89
90
91
92
93
94
95
96
97
98
99
100
102
103
104
105
106
107
108
109
110
112
113
114
115
116
118
120
121
122
123
124
125
127
129
132
133
134
136
137
138
139
140
141
142
143
144
147
148
150
151
152
153
155
156
157
159
160
161
162
163
164
165
166
167
168
169
170
171
172
176
178
181
182
183
184
185
186
189
191
193
194
197
202
203
206
209
211
212
215
216
217
218
219
221
222
223
224
225
226
227
228
229
230
231
232
234
235
236
237
238
239
242
244
245
246
247
248
249
250
251
253
254
255
256
257
258
259
261
262
263
265
266
267
268
269
270
271
272
273
274
276
277
278
279
280
282
283
285
286
287
288
289
290
292
293
295
296
297
298
299
300
301
302
303
304
305
307
308
309
310
311
312
315
316
318
320
321
323
324
325
326
327
328
329
330
332
333
335
337
339
340
343
344
345
346
347
349
350
351
352
354
355
356
359
360
361
362
363
364
365
367
368
369
371
372
373
374
375
376
377
378
380
381
382
383
384
385
386
387
388
389
390
391
392
393
394
395
396
397
398
399
401
402
404
405
408
409
411
412
413
414
416
25213
418
419
420
421
422
423
424
425
426
428
429
431
433
434
435
436
437
438
440
441
442
443
444
446
447
448
449
450
451
452
453
454
455
456
457
459
460
461
462
463
464
465
466
467
470
471
472
473
474
475
476
477
478
479
481
482
483
484
485
486
487
488
489
490
491
492
493
494
495
496
497
498
499
500
501
502
503
504
505
506
507
508
509
510
511
512
513
514
515
516
517
518
519
520
521
522
523
524
525
526
527
528
529
530
531
532
533
534
535
536
537
538
25214
541
542
543
544
545
546
547
548
549
550
551
553
554
555
556
557
559
560
561
562
564
565
566
567
569
570
571
572
573
574
575
577
578
579
580
581
582
583
584
585
586
588
589
590
591
592
593
594
595
596
597
598
599
601
602
603
604
605
606
607
608
609
611
612
613
614
616
617
618
619
620
621
622
623
624
625
626
627
628
630
632
633
635
636
637
638
640
641
642
643
644
645
646
647
648
650
651
652
653
655
656
657
658
659
660
662
663
665
666
668
669
670
671
672
673
674
675
676
677
678
679
680
681
682
683
684
685
686
687
688
689
690
691
692
693
695
696
697
698
700
701
702
703
704
705
706
707
708
710
711
712
713
714
715
716
717
718
719
720
721
722
723
724
725
726
727
728
729
730
731
732
733
734
735
736
737
738
739
740
741
742
743
744
745
746
747
748
749
751
752
753
754
755
756
757
758
759
761
762
763
764
765
766
767
768
769
771
772
773
774
775
776
777
778
779
780
781
782
783
784
785
786
787
788
789
790
791
792
793
794
795
796
797
798
799
800
801
802
803
804
805
806
807
808
809
810
811
812
813
814
815
816
817
818
819
820
821
822
824
825
826
828
829
830
831
832
834
835
836
837
838
839
840
841
842
843
844
845
846
847
848
849
850
851
852
853
855
856
858
859
860
861
862
863
864
865
866
867
868
869
870
871
873
874
875
876
877
878
879
880
881
882
883
884
885
886
887
888
889
890
891
892
893
894
895
896
897
898
901
902
903
904
905
906
907
908
909
910
911
912
913
914
915
916
917
918
919
920
921
922
923
924
925
926
927
929
930
931
932
933
934
935
936
937
938
939
940
941
942
943
945
946
947
948
949
950
951
952
953
954
955
956
957
958
959
960
963
964
965
966
967
968
969
970
971
972
973
974
975
976
978
979
980
982
983
985
986
987
988
989
990
991
992
993
994
995
996
997
998
999
1000
1001
1002
1003
1004
1005
1006
1007
1008
1009
1010
1012
1013
1014
1015
1016
1017
1018
1019
1020
1021
1022
1023
1025
1026
1027
1028
1029
1030
1031
1033
1034
1035
1036
1037
1038
1039
1042
1043
1044
1045
1046
1047
1048
1049
1050
1051
1052
1053
1054
1055
1056
1057
1058
1059
1060
1061
1062
1063
1064
1065
1066
1067
1068
1069
1070
1071
1072
1073
1074
1075
1078
1081
1082
1083
1084
1085
1086
1087
1088
1089
1090
1091
1092
1093
1094
1095
1096
1097
1098
1099
1100
1101
1102
1103
1105
1106
1107
1108
1109
1110
1111
1112
1113
1114
1115
1116
1117
1118
1119
1120
1121
1122
1123
1124
1125
1126
1127
1128
1129
1130
1131
1132
1133
1134
1135
1136
1137
1138
1139
1140
1141
1142
1143
1145
1146
1147
1148
1149
1150
1151
1152
1153
1154
1155
1156
1157
1158
1159
1160
1161
1162
1163
1164
1166
1167
1168
1169
1170
1171
1172
1173
1174
1175
1176
1177
1178
1180
1181
1182
1183
1184
1185
1186
1187
1188
1189
1190
1191
1192
1193
1194
1195
1196
1197
1198
1199
1200
1201
1202
1203
1204
1205
1206
1207
1208
1209
1210
1211
1212
1213
1214
1215
1216
1217
1218
1219
1220
1221
1222
1223
1224
1225
1226
1227
1228
1229
1230
1232
1233
1234
1235
1236
1237
1238
1239
1240
1241
1242
1243
1244
1245
1246
1247
1248
1249
1250
1251
1252
1253
1254
1255
1256
1257
1258
1259
1260
1261
1262
1264
1265
1266
1268
1269
1270
1272
1273
1274
1275
1276
1277
1278
1279
1280
1281
1282
1283
1284
1285
1286
1287
1288
1289
1290
1291
1292
1293
1294
1295
1296
1297
1298
1299
1300
1302
1303
1304
1305
1306
1307
1308
1309
1310
1311
1312
1313
1314
1315
1316
1318
1319
1320
1321
1322
1323
1324
1325
1326
1327
1328
1329
1330
1331
1332
1333
1334
1335
1336
1337
1338
1339
1340
1342
1343
1344
1345
1346
1347
1348
1349
1350
1351
1352
1353
1354
1357
1358
1359
1360
1361
1362
1363
1364
1365
1366
1367
1368
1369
1370
1371
1373
1375
1377
1378
1379
1380
1381
1383
1384
1385
1386
1387
1388
1389
1390
1391
1392
1393
1394
1395
1396
1397
1398
1399
1400
1401
1402
1403
1406
1407
1408
1409
1410
1411
1412
1413
1414
1415
1416
1417
1418
1419
1420
1421
1422
1423
1424
1425
1426
1427
1428
1429
1430
1431
1433
1434
1435
1436
1437
1438
1439
1440
1441
1442
1443
1445
1446
1447
1448
1449
1450
1451
1452
1453
1454
1457
1458
1459
1460
1461
1462
1463
1464
1467
1468
1469
1470
1471
1472
1473
1474
1476
1477
1478
1479
1482
1483
1484
1485
1486
1487
1488
1489
1490
1492
1494
1495
1496
1497
1498
1499
1500
1501
1502
1503
1504
1506
1507
1509
1510
1511
1512
1513
1514
1515
1516
1517
1518
1520
1521
1523
1524
1525
1526
1527
1528
1529
1531
1532
1533
1534
1535
1536
1537
1538
1539
1540
1541
1542
1543
1545
1547
1548
1549
1551
1554
1555
1556
1559
1560
1561
1563
1566
1568
1569
1570
1571
1572
1573
1574
1575
1578
1580
1582
1583
1584
1585
1586
1588
1589
1591
1593
1594
1596
1598
1599
1600
1601
1602
1603
1604
1605
1607
1608
1609
1610
1611
1613
1614
1616
1617
1618
1619
1620
1621
1623
1626
1627
1628
1629
1630
1631
1632
1633
1635
1636
1637
1639
1640
1641
1643
1644
1645
1646
1647
1648
1649
1650
1652
1654
1655
1656
1657
1658
1659
1660
1661
1664
1665
1667
1670
1672
1673
1674
1675
1676
1677
1678
1679
1680
1682
1683
1685
1686
1687
1688
1689
1691
1694
1695
1696
1697
1703
1704
1705
1706
1707
1708
1709
1710
1711
1712
1716
1717
1718
1721
1722
1723
1725
1726
1727
1728
1729
1730
1731
1732
1733
1735
1736
1737
1738
1740
1741
1742
1743
1744
1746
1747
1749
1750
1751
1753
1754
1755
1756
1758
1759
1760
1761
1763
1764
1765
1766
1768
1769
1770
1771
1772
1773
1774
1775
1776
1777
1779
1780
1781
1782
1783
1784
1785
1787
1788
1789
1790
1792
1793
1794
1796
1797
1798
1799
1801
1803
1805
1806
1807
1809
1810
1812
1813
1814
1815
1816
1817
1818
1820
1822
1823
1824
1825
1827
1828
1829
1830
1831
1833
1834
1835
1836
1837
1838
1839
1841
1842
1843
1844
1845
1846
1847
1849
1850
1852
1853
1854
1857
1858
1859
1860
1861
1862
1863
1864
1866
1867
1868
1869
1870
1871
1872
1874
1875
1876
1877
1878
1879
1880
1881
1882
1883
1884
1885
1886
1887
1889
1890
1891
1892
1893
1895
1896
1897
1898
1899
1900
1902
1903
1904
1905
1906
1908
1909
1910
1911
1912
1913
1914
1915
1916
1917
1918
1919
1920
1921
1923
1924
1925
1926
1927
1929
1930
1931
1932
1933
1934
1936
1937
1939
1940
1941
1942
1943
1946
1947
1948
1949
1950
1951
1952
1953
1956
1957
1958
1959
1960
1963
1964
1965
1966
1967
1968
1969
1970
1972
1973
1974
1975
1976
1977
1978
1979
1980
1981
1982
1983
1984
1986
1987
1989
1990
1991
1993
1994
1995
1996
1997
1999
2000
2002
2003
2004
2005
2006
2007
2008
2009
2010
2011
2012
2013
2014
2016
2017
2018
2019
2020
2024
2025
2026
2028
2029
2031
2032
2036
2037
2038
2039
2042
2043
2044
2045
2047
2048
2049
2050
2052
2053
2056
2057
2058
2059
2060
2061
2063
2064
2065
2066
2067
2068
2069
2070
2071
2072
2073
2074
2075
2076
2078
2079
2080
2081
2082
2083
2084
2085
2086
2087
2088
2090
2091
2092
2093
2094
2095
2096
2097
2098
2100
2101
2102
2103
2104
2105
2107
2109
2111
2112
2113
2114
2116
2117
2118
2119
2120
2121
2122
2123
2124
2125
2126
2127
2128
2129
2130
2132
2133
2134
2136
2137
2140
2142
2143
2144
2145
2146
2147
2149
2150
2151
2152
2153
2154
2156
2157
2158
2159
2160
2161
2162
2163
2164
2165
2166
2167
2168
2169
2170
2171
2172
2173
2174
2175
2176
2177
2179
2181
2182
2183
2184
2185
2186
2187
2188
2189
2190
2191
2192
2193
2194
2195
2196
2198
2199
2200
2201
2202
2203
2204
2205
2206
2207
2208
2209
2210
2211
2212
2213
2214
2215
2216
2217
2218
2219
2221
2223
2224
2225
2227
2228
2229
2230
2231
2232
2233
2234
2236
2237
2238
2239
2240
2241
2242
2243
2244
2245
2246
2247
2248
2249
2250
2251
2252
2254
2255
2257
2259
2260
2261
2262
2263
2264
2265
2266
2267
2268
2269
2270
2271
2272
2273
2274
2275
2276
2277
2278
2279
2280
2281
2283
2284
2285
2286
2287
2288
2289
2291
2293
2294
2297
2299
2300
2303
2304
2306
2307
2309
2310
2313
2314
2315
2318
2319
2320
2321
2322
2324
2325
2326
2327
2328
2329
2330
2331
2332
2333
2334
2335
2336
2337
2338
2339
2340
2341
2342
2343
2344
2346
2347
2348
2350
2351
2352
2353
2354
2355
2356
2357
2359
2361
2362
2363
2365
2366
2367
2370
2371
2372
2373
2374
2375
2377
2378
2379
2380
2383
2384
2386
2387
2388
2389
2390
2392
2393
2394
2395
2396
2397
2398
2399
2400
2401
2402
2403
2405
2406
2408
2409
2410
2411
2413
2414
2415
2417
2419
2420
2421
2422
2423
2425
2426
2427
2428
2429
2430
2431
2432
2433
2434
2435
2436
2437
2438
2439
2440
2441
2442
2444
2445
2446
2447
2448
2449
2450
2451
2452
2453
2454
2459
2460
2461
2462
2463
2466
2468
2469
2471
2472
2474
2475
2476
2477
2478
2479
2480
2481
2482
2483
2484
2485
2486
2487
2488
2489
2490
2491
2492
2493
2494
2495
2496
2498
2499
2500
2501
2502
2503
2504
2505
2506
2507
2509
2510
2511
2513
2514
2515
2516
2518
2519
2520
2521
2523
2525
2526
2528
2529
2530
2531
2532
2533
2534
2535
2536
2537
2538
2540
2541
2545
2549
2550
2552
2553
2556
2557
2558
2559
2560
2561
2562
2563
2564
2565
2566
2567
2568
2570
2571
2572
2573
2574
2575
2576
2577
2578
2579
2580
2581
2583
2585
2586
2588
2590
2591
2592
2593
2595
2596
2597
2598
2599
2600
2602
2604
2606
2607
2609
2611
2612
2613
2614
2615
2616
2617
2618
2619
2620
2622
2623
2624
2626
2627
2628
2629
2630
2634
2635
2636
2637
2638
2639
2640
2643
2644
2646
2647
2648
2649
2650
2651
2653
2655
2657
2658
2659
2660
2661
2664
2666
2669
2671
2672
2673
2674
2675
2676
2677
2678
2679
2680
2681
2682
2683
2684
2685
2686
2688
2691
2692
2693
2694
2696
2698
2699
2700
2701
2703
2704
2705
2706
2707
2708
2709
2710
2711
2712
2713
2714
2715
2716
2717
2718
2719
2720
2721
2722
2723
2724
2725
2726
2727
2728
2729
2730
2733
2735
2736
2737
2738
2739
2740
2741
2742
2744
2745
2746
2747
2749
2750
2751
2753
2754
2755
2760
2761
2762
2765
2767
2768
2769
2770
2771
2772
2773
2774
2775
2777
2778
2779
2780
2781
2782
2783
2784
2786
2787
2788
2789
2790
2791
2792
2793
2794
2795
2796
2797
2798
2800
2801
2802
2803
2804
2805
2806
2807
2808
2809
2810
2811
2812
2813
2814
2815
2818
2819
2820
2821
2823
2824
2825
2826
2827
2828
2831
2832
2833
2834
2835
2836
2837
2838
2839
2840
2841
2842
2844
2845
2846
2847
2848
2849
2850
2851
2852
2853
2854
2855
2856
2857
2858
2859
2860
2861
2862
2864
2866
2867
2868
2869
2870
2871
2872
2873
2874
2875
2876
2879
2880
2881
2882
2883
2885
2886
2887
2888
2889
2890
2891
2892
2894
2895
2897
2898
2899
2900
2902
2903
2904
2905
2906
2907
2908
2909
2910
2911
2912
2913
2914
2916
2917
2919
2920
2921
2922
2923
2924
2926
2927
2928
2929
2931
2932
2933
2934
2935
2936
2937
2938
2939
2940
2941
2943
2944
2945
2947
2948
2949
2950
2951
2952
2953
2955
2956
2957
2958
2959
2960
2961
2963
2964
2965
2966
2968
2969
2970
2971
2972
2973
2974
2976
2977
2978
2979
2980
2981
2982
2984
2986
2988
2989
2991
2992
2993
2994
2995
2996
2998
2999
3000
3001
3002
3003
3004
3005
3007
3008
3009
3010
3011
3013
3014
3017
3019
3020
3021
3023
3024
3025
3026
3027
3028
3029
3030
3032
3033
3034
3035
3036
3037
3039
3040
3041
3042
3043
3044
3046
3047
3048
3049
3050
3052
3054
3055
3057
3058
3059
3060
3061
3063
3064
3065
3066
3067
3068
3070
3071
3072
3073
3076
3078
3079
3080
3081
3083
3084
3086
3087
3089
3090
3091
3092
3093
3094
3095
3096
3097
3098
3099
3100
3101
3102
3103
3104
3105
3107
3108
3109
3111
3112
3113
3114
3115
3117
3118
3119
3120
3121
3122
3123
3126
3128
3129
3130
3131
3132
3134
3135
3136
3137
3138
3139
3140
3141
3142
3144
3146
3147
3148
3150
3151
3152
3153
3154
3156
3157
3159
3160
3161
3162
3163
3164
3166
3167
3168
3169
3171
3172
3175
3176
3177
3178
3179
3182
3183
3184
3185
3186
3188
3189
3190
3191
3194
3195
3196
3199
3200
3204
3205
3206
3207
3208
3209
3210
3211
3212
3214
3215
3217
3218
3219
3220
3221
3222
3223
3224
3227
3230
3232
3233
3235
3237
3238
3240
3241
3244
3245
3246
3248
3249
3250
3252
3253
3254
3256
3257
3260
3261
3262
3263
3264
3265
3268
3269
3271
3272
3273
3275
3276
3277
3278
3279
3280
3281
3282
3283
3285
3286
3287
3289
3290
3291
3292
3294
3297
3299
3300
3301
3303
3304
3305
3306
25215
3308
3310
3312
3315
3316
3317
3318
3321
3324
3325
3326
3327
3329
3330
3333
3334
3335
3339
3340
3342
3343
3344
3345
3347
3349
3352
3354
3355
3356
3357
3358
3359
3361
3362
3363
3364
3365
3367
3368
3370
3371
3374
3375
3376
3377
3378
3379
3380
3381
3382
3383
3384
3386
3388
3389
3390
3392
3393
3394
3395
3396
3397
3398
3399
3401
3402
3403
3405
3406
3407
3410
3411
3412
3413
3414
3417
3421
3423
3424
3426
3430
3432
3434
3436
3439
3440
3441
3442
3443
3444
3445
3447
3448
3449
3450
3452
3453
3455
3457
3458
3459
3460
3461
3464
3465
3466
3467
3469
3470
3471
3472
3474
3475
3476
3477
3478
3479
3480
3481
3482
3483
3485
3486
3487
3488
3489
3490
3492
3493
3495
3498
3499
3500
3501
3502
3503
3504
3505
3506
3507
3510
3511
3513
3514
3516
3517
3519
3520
3521
3522
3523
3524
3525
3526
3527
3528
3529
3530
3531
3532
3533
3534
3535
3538
3539
3540
3542
3543
3547
3548
3549
3550
3551
3553
3554
3555
3556
3557
3558
3559
3560
3561
3562
3563
3564
3565
3567
3568
3569
3570
3571
3573
3574
3575
3576
3577
3578
3579
3580
3581
3583
3585
3588
3589
3590
3591
3592
3594
3596
3597
3599
3601
3602
3603
3605
3607
3608
3609
3610
3612
3613
3614
3615
3616
3617
3618
3619
3623
3624
3626
3627
3628
3629
3631
3632
3634
3635
3636
3637
3638
3639
3640
3641
3642
3643
3644
3645
3646
3647
3648
3649
3650
3651
3652
3653
3654
3655
3656
3657
3659
3660
3661
3662
3663
3664
3666
3667
3668
3669
3670
3671
3672
3673
3674
3675
3676
3677
3678
3679
3680
3681
3682
3683
3684
3685
3686
3687
3688
3689
3691
3692
3694
3695
3697
3698
3699
3700
3701
3702
3703
3704
3705
3706
3707
3708
3709
3713
3714
3715
3716
3717
3718
3720
3721
3722
3724
3725
3726
3727
3728
3729
3730
3731
3732
3733
3734
3735
3736
3737
3738
3739
3740
3742
3743
3745
3746
3747
3748
3749
3750
3751
3752
3753
3754
3756
3757
3758
3759
3760
3761
3762
3763
3765
3766
3767
3768
3769
3770
3771
3773
3775
3777
3778
3779
3780
3781
3782
3783
3785
3787
3788
3790
3791
3792
3793
3794
3796
3797
3798
3799
3800
3801
3802
3803
3804
3805
3806
3807
3808
3809
3810
3811
3812
3813
3814
3816
3817
3818
3820
3821
3822
3823
3824
3825
3826
3827
3828
3829
3831
3832
3833
3834
3835
3836
3837
3838
3839
3840
3841
3842
3843
3844
3845
3846
3847
3848
3849
3850
3851
3852
3853
3854
3855
3856
3857
3858
3859
3860
3861
3862
3863
3864
3865
3866
3867
3868
3869
3871
3872
3873
3874
3875
3876
3877
3878
3879
3881
3882
3883
3884
3885
3886
3887
3888
3890
3891
3893
25216
3895
3896
3897
3898
3899
3900
3901
3902
3903
3904
3905
3906
3907
3908
3909
3910
3911
3912
3913
3915
3916
3917
3918
3919
3920
3921
3922
3923
3924
3925
3926
3927
3928
3929
3930
3931
3934
3935
3936
3937
3938
3939
3940
3941
3942
3943
3945
3947
3948
3949
3950
3951
3952
3953
3954
3956
3957
3958
3960
3961
3963
3964
3965
3966
3967
3968
3969
3970
3971
3972
3973
3974
3975
3976
3977
3978
3979
3980
3982
3983
3984
3985
3986
3988
3989
3990
3991
3992
3993
3997
3998
3999
4000
4001
4002
4003
4004
4005
4006
4007
4008
4011
4012
4013
4014
4016
4017
4018
4019
4020
4021
4022
4023
4024
4025
4026
4027
4028
4029
4030
4031
4032
4033
4034
4035
4036
4038
4039
4040
4042
4043
4044
4045
4046
4049
4050
4051
4052
4053
4054
4055
4056
4057
4058
4059
4060
4062
4063
4064
4065
4066
4068
4069
4070
4071
4072
4074
4075
4076
4077
4078
4079
4080
4081
4082
4083
4084
4087
4088
4089
4090
4091
4092
4093
4094
4095
4096
4097
4098
4099
4100
4101
4102
4103
4104
4105
4107
4108
4109
4110
4111
4112
4113
4114
4115
4116
4117
4118
4119
4120
4121
4122
4123
4124
4125
4126
4128
4129
4131
4132
4133
4134
4135
4136
4137
4138
4139
4140
4141
4142
4143
4144
4145
4146
4147
4148
4150
4151
4152
4153
4154
4155
4156
4158
4159
4160
4161
4162
4163
4164
4165
4167
4168
4169
4170
4171
4172
4173
4174
4175
4176
4177
4178
4179
4181
4182
4184
4185
4186
4187
4188
4189
4190
4191
4192
4193
4194
4195
4196
4197
4198
4199
4200
4201
4202
4203
4204
4205
4206
4208
4209
4210
4211
4212
4213
4214
4215
4216
4217
4218
4219
4220
4221
4222
4223
4224
4226
4227
4228
4229
4230
4231
4232
4233
4234
4236
4237
4240
4241
4242
4244
4245
4246
4247
4248
4249
4250
4251
4252
4253
4254
4255
4256
4257
4258
4259
4260
4261
4262
4263
4264
4265
4266
4267
4268
25217
4270
4271
4272
4273
4275
4276
4277
4279
4280
4281
4282
4284
4285
4286
4287
4288
4289
4290
4291
4292
4294
4296
4298
4299
4301
4302
4304
4305
4306
4308
4309
4310
4312
4313
4314
4315
4316
4317
4318
4319
4320
4321
4322
4323
4324
4325
4326
4327
4328
4330
4332
4333
4334
4335
4336
4337
4338
4339
4340
4341
4342
4343
4344
4345
4346
4347
4348
4349
4350
4351
4352
4353
4355
4356
4357
25218
4361
4362
4365
4366
4367
4368
4369
4370
4371
4372
4373
4374
4375
4377
4378
4381
4382
4383
4384
4385
4386
4387
4388
4389
4390
4391
4392
4393
4394
4395
4396
4397
4398
4399
4400
4401
4404
4405
4406
4407
4409
4410
4411
4412
4413
4414
4415
4416
4417
4418
4419
4420
4421
4422
4423
4424
4425
4426
4427
4428
4429
4430
4431
4433
4434
4435
4436
4437
4438
4439
4441
4442
4443
4444
4445
4447
4448
4449
4450
4451
4452
4453
4454
4457
4458
4459
4460
4461
4462
4464
4465
4466
4467
4468
4470
4472
4473
4474
4475
4476
4477
4478
4479
4480
4482
4483
4484
4485
4486
4488
4489
4490
4491
4492
4493
4494
4495
4496
4497
4498
4499
4500
4501
4502
4503
4504
4505
4506
4507
4508
4510
4511
4512
4513
4514
4515
4516
4518
4519
4520
4521
4522
4523
4524
4525
4526
4528
4529
4530
4531
4532
4535
4536
4537
4538
4539
4540
4541
4542
4543
4544
4545
4546
4547
4548
4549
4551
4552
4553
4554
4557
4558
4559
4560
4561
4563
4564
4566
4567
4568
4569
4570
4571
4572
4573
4574
4575
4576
4579
4580
4581
4582
4583
4584
4587
4589
4593
4595
4596
4597
4598
4599
4600
4601
4602
4603
4604
4605
4606
4607
4608
4609
4610
4611
4612
4615
4617
4618
4621
4624
4625
4626
4627
4628
4629
4631
4632
4636
4637
4638
4639
4640
4641
4642
4643
4644
4645
4646
4647
4649
4650
4651
4653
4654
4655
4656
4657
4658
4659
4660
4661
4662
4663
4665
4666
4667
4668
4669
4670
4671
4673
4674
4675
4676
4677
4678
4679
4680
4681
4683
4685
4686
4687
4688
4689
4690
4691
4692
4693
4694
4695
4697
4698
4700
4703
4704
4705
4706
4707
4708
4709
4710
4711
4713
4714
4718
4719
4720
4722
4723
4724
4726
4727
4728
4729
4732
4735
4736
4737
4738
4739
4740
4742
4745
4746
4747
4749
4750
4751
4752
4753
4754
4756
4757
4758
4759
4760
4761
4762
4763
4764
4765
4767
4768
4769
4770
4771
4773
4774
4775
4776
4777
4778
4779
4780
4781
4782
4783
4784
4785
4786
4788
4789
4790
4791
4794
4795
4796
4798
4800
4801
4804
4805
4808
4809
4810
4811
4812
4813
4814
4815
4817
4818
4819
4820
4822
4823
4824
4825
25219
4827
4828
4829
4830
4831
4832
4833
4834
4835
4836
4837
4838
4842
4843
4845
4846
4847
4849
4851
4852
4853
4855
4857
4858
4860
4861
4862
4863
4864
4865
4866
4867
4868
4871
4873
4874
4875
4876
4877
4878
4880
4881
4882
4883
4884
4885
4887
4888
4889
4890
4892
4894
4896
4897
4898
4899
4900
4902
4903
4905
4908
4909
4910
4913
4914
4916
4917
4919
4921
4922
4924
4925
4928
4929
4930
4931
4932
4934
4935
4936
4937
4938
4939
4940
4942
4943
4944
4945
4946
4948
4950
4951
4952
4953
4955
4957
4959
4960
4961
4962
4963
4964
4965
4966
4967
4968
4969
4970
4971
4973
4974
4975
4976
4977
4978
4979
4980
4981
4982
4985
4987
4988
4989
4990
4991
4993
4994
4995
4997
4999
5000
5001
5002
5005
5006
5007
5008
5009
5011
5012
5013
5014
5015
5016
5017
5019
5022
5024
5025
5026
5027
5028
5029
5030
5031
5032
5034
5035
5036
5037
5038
5039
5040
5041
5042
5043
5044
5045
5047
5048
5049
5050
5051
5052
5054
5055
5056
5057
5058
5060
25220
5062
5064
5065
5066
5067
5068
5069
5070
5071
5072
5073
5074
5075
5076
5077
5078
5079
5080
5082
5083
5084
5087
5088
5089
5090
5091
5093
5094
5097
5098
5100
5101
5102
5103
5104
5105
5106
5107
5111
5112
5113
5115
5116
5117
5118
5119
5120
5121
5122
5124
5125
5126
5127
5128
5129
5130
5131
5132
5133
5134
5135
5136
5137
5138
5139
5140
5142
5143
5144
5145
5146
5147
5148
5149
5150
5151
5152
5154
5155
5156
5157
5158
5159
5160
5161
5162
5163
5164
5165
5166
5168
5169
5170
5171
5173
5174
5177
5179
5180
5183
5184
5185
5186
5187
5188
5189
5190
5191
5192
5193
5194
5195
5196
5197
5199
5200
5201
5202
5204
5205
5207
5208
5210
5211
5212
5213
5215
5216
5217
5219
5220
5221
5222
5225
5226
5227
5228
5229
5230
5232
5233
5234
5235
5236
5237
5238
5239
5240
5241
5242
5244
5245
5246
5247
5248
5250
5251
5252
5254
5255
5256
5257
5258
5259
5260
5261
5262
5263
5264
5265
5266
5269
5271
5272
5273
5274
5275
5276
5277
5278
5279
5280
5283
5284
5285
5286
5287
5288
5289
5291
5292
5294
5295
5297
5299
5301
5310
5315
5316
5321
5322
5323
5325
5327
5328
5336
5342
5344
5345
5347
5350
5353
5354
5356
5358
5359
5362
5363
5364
5365
5366
5369
5370
5373
5374
5375
5376
5378
5379
5380
5381
5382
5383
5384
5385
5386
5387
5389
5390
5393
5395
5400
5401
5405
5408
5409
5410
5411
5414
5417
5418
5419
5421
5423
5424
5425
5427
5428
5429
5431
5433
5434
5435
5436
5439
5440
5442
5444
5445
5446
5447
5454
5456
5459
5460
5461
5462
5463
5464
5465
5466
5467
5468
5470
5473
5474
5477
5478
5481
5483
5484
5485
5486
5487
5489
5490
5491
5492
5493
5494
5495
5496
5497
5502
5503
5504
5506
5507
5509
5510
5512
5513
5514
5515
5516
5517
5520
5521
5522
5523
5524
5525
5526
5531
5532
5533
5536
5537
5538
5541
5544
5546
5547
5554
5555
5557
5560
5563
5564
5566
5568
5570
5571
5572
5574
5576
5577
5578
5579
5580
5581
5582
5583
5585
5587
5588
5593
5594
5596
5597
5599
5600
5602
5603
5605
5607
5608
5609
5614
5616
5617
5618
5619
5622
5623
5627
5628
5629
5630
5631
5633
5634
5637
5638
5639
5640
5641
5643
5644
5645
5646
5647
5648
5649
5650
5651
5655
5656
5657
5660
5661
5662
5663
5667
5670
5672
5673
5674
5684
5685
5686
5688
5691
5692
5693
5698
5699
5704
5705
5710
5715
5716
5718
5720
5721
5725
5726
5729
5736
5738
5740
5741
5746
5752
5762
5765
5768
5772
5774
5786
5790
5792
5797
5799
5801
5808
5810
5811
5815
5816
5819
5821
5822
5823
5824
5827
5829
5832
5833
5834
5839
5840
5842
5843
5844
5846
5847
5848
5851
5852
5854
5855
5857
5858
5859
5861
5864
5865
5866
5871
5872
5874
5875
5876
5877
5879
5881
5883
5885
5886
5888
5889
5891
5892
5894
5895
5898
5900
5901
5907
5908
5909
5912
5913
5914
5915
5916
5917
5918
5919
5921
5924
5926
5927
5930
5931
5932
5933
5934
5935
5937
5939
5940
5941
5943
5945
5946
5948
5950
5951
5952
5953
5955
5956
5958
5962
5963
5964
5965
5966
5967
5969
5971
5972
5973
5974
5976
5977
5979
5982
5983
5984
5985
5986
5987
5989
5990
5994
5995
5996
5997
5998
5999
6001
6002
6003
6004
6005
6006
6007
6010
6011
6013
6014
6015
6017
6018
6019
6021
6022
6024
6025
6027
6028
6030
6031
6032
6033
6034
6035
6036
6037
6038
6039
6042
6043
6044
6045
6049
6051
6053
6054
6055
6056
6058
6059
6060
6062
6064
6065
6066
6067
6068
6069
6073
6077
6078
6079
6081
6082
6083
6086
6087
6088
6089
6090
6091
6092
6093
6094
6095
6096
6098
6101
6102
6106
6107
6109
6110
6113
6114
6115
6117
6118
6121
6122
6123
6126
6129
6130
6132
6133
6136
6137
6138
6139
6142
6143
6145
6147
6149
6150
6152
6153
6154
6155
6156
6157
6158
6160
6161
6162
6163
6165
6166
6167
6168
6171
6172
6173
6175
6176
6177
6178
6179
6182
6183
6184
6190
6191
6192
6193
6194
6195
6197
6198
6200
6202
6203
6204
6206
6212
6213
6216
6217
6219
6222
6224
6225
6229
6231
6232
6233
6236
6238
6239
6241
6242
6244
6245
6249
6250
6252
6254
6256
6258
6259
6260
6261
6263
6264
6265
6266
6268
6270
6271
6272
6273
6274
6275
6276
6277
6280
6281
6282
6283
6286
6287
6288
6289
6291
6292
6299
6300
6301
6302
6303
6304
6305
6306
6307
6309
6310
6311
6313
6315
6316
6318
6319
6320
6321
6325
6326
6327
6328
6329
6331
6333
6335
6337
6339
6340
6341
6342
6344
6345
6346
6348
6350
6352
6353
6354
6355
6356
6357
6358
6360
6361
6362
6363
6364
6365
6368
6369
6370
6371
6372
6373
6374
6377
6378
6380
6382
6383
6384
6385
6386
6387
6388
6390
6391
6392
6394
6396
6397
6400
6403
6405
6409
6410
6411
6414
6415
6417
6419
6420
6424
6425
6426
6427
6428
6431
6432
6434
6435
6436
6438
6439
6441
6442
6445
6446
6447
6448
6450
6451
6452
6453
6454
6455
6457
6458
6459
6460
6461
6462
6465
6467
6471
6472
6474
6475
6476
6478
6481
6482
6483
6484
6485
6487
6489
6490
6492
6494
6496
6500
6501
6503
6504
6507
6508
6509
6510
6512
6513
6515
6516
6518
6519
6522
6523
6524
6526
6528
6529
6531
6534
6535
6536
6538
6539
6541
6543
6546
6548
6549
6550
6553
6555
6556
6557
6567
6582
6587
6601
6603
6605
6741
6797
6799
6801
6807
6822
6825
6847
6860
6864
6885
6917
6921
6961
6965
6966
6967
6969
6975
6994
7030
7053
7082
7085
7089
7095
7096
7109
7132
7163
7167
7188
7210
7245
7267
7285
7383
7384
7385
7386
7403
7412
7420
7434
7439
7440
7446
7460
7465
7469
7471
7474
7476
7486
7487
7501
7512
7516
7517
7523
7527
7541
7545
7554
7555
7559
7574
7586
7591
7594
7604
7605
7626
7651
7657
7671
7679
7686
7689
7701
7702
7703
7705
7733
7737
7749
7752
7755
7764
7767
7774
7781
7792
7795
7801
7811
7814
7817
7821
7829
7842
7854
7873
7880
7886
11725
11726
11727
11728
11729
11730
25224
25225
25226
11734
11735
11736
11737
11739
11740
11746
11747
11751
11752
11755
11756
11757
11758
11759
11760
11761
11762
11763
11764
11765
11766
11767
11768
11769
11770
11771
11772
11773
11774
11775
11776
11777
11778
11779
11780
11781
11782
11783
11784
11785
11786
11790
11792
25312
11798
11799
25229
11801
11803
25230
11805
11806
11807
11808
11809
11810
11811
11813
11814
11817
11819
11836
11837
11839
11840
25235
25236
11843
11844
11846
11847
11848
11849
11850
11851
11852
11853
11856
11860
11861
25237
11865
11866
25238
11870
11871
25239
11873
11874
11877
11881
11882
11884
11887
25240
11889
11891
11893
25242
11897
11898
11903
11905
25245
11911
11912
11913
11914
11915
11916
11917
25246
11919
11920
11921
11922
11923
11924
11925
11926
11928
11930
11932
11933
11934
11935
25248
11942
11943
11944
11945
11946
11947
11948
11949
11950
11951
11952
11953
25249
11955
11956
11958
11959
11960
11961
11962
11963
11966
11969
11971
11972
25251
11978
11979
11980
11981
11982
11983
11984
11985
11988
11989
11990
11991
11992
11993
11994
11995
11996
11997
11998
11999
12000
12001
12002
12003
12004
12007
12008
12009
12010
12011
12013
12016
12017
12018
12019
12020
12021
12022
12023
12024
12031
12033
12034
12035
12036
12037
12042
12043
12044
12045
12046
12048
12049
12050
12051
12052
12053
12054
12056
12058
12059
12060
12061
12062
12063
12065
25253
12067
12068
12073
12074
12076
12088
12089
25254
12091
12092
12093
12094
12105
12106
12108
12110
12119
12120
12121
12122
12123
12124
12126
12127
12323
25255
12326
12327
12328
25256
25257
12331
12332
12333
12334
12335
25259
15035
15036
15037
25260
15061
15065
25261
15067
15073
15076
15077
15078
15079
15080
15081
15082
25263
15084
15085
15086
15087
15088
15089
15091
15100
15101
25264
25265
15104
15105
15108
25266
15111
15116
15117
15118
15119
15120
15121
15123
15126
25268
15223
15230
15233
15328
15329
15330
15331
15333
15334
15339
15342
15474
25271
25272
15477
15479
15480
15483
15484
15485
15486
15488
15489
15495
15497
15498
15499
25273
15501
15502
15503
15504
15506
25275
15508
15509
15511
15512
15514
25276
15517
25277
15520
15523
15527
15529
25281
25282
15532
15533
15534
15535
25310
25311
15543
15544
15545
15546
15548
15552
15553
15563
15565
15567
15568
15569
15576
25290
15582
15584
15587
15588
15589
15590
15591
25293
25294
15595
15596
15597
15599
15601
15602
15603
15604
15605
15606
15607
15608
15609
15610
15611
15612
15613
25314
25296
15626
15627
15628
15630
15631
15632
25316
15639
15640
15644
15645
15649
15652
15654
15655
15656
15657
15659
15660
15661
25298
15663
15664
15667
15672
15675
15676
15678
15679
15680
15681
15682
15683
15684
15685
15687
15688
15689
15692
15693
15695
15696
15697
15699
15700
15701
15706
15710
15711
15712
15713
15714
15715
15716
15800
15801
15802
15803
15804
15805
15806
15807
15808
15809
15810
15816
15820
15821
15822
15823
15824
15825
15826
15828
15829
15831
15833
15834
25309
15836
15838
25304
15855
15856
15857
15858
15859
15867
15868
15870
15948
15951
15952
15953
15954
15955
15956
15957
15958
16020
16021
25305
16026
16027
16029
16145
16146
16148
16152
16153
16159
16167
16168
16169
25306
16171
16172
16180
16181
16182
16183
16184
16185
16191
16258
16259
16260
16261
16262
16263
16264
16265
25307
16267
16346
16348
16350
16351
16353
16354
16355
16356
16357
16358
16359
16361
16362
16363
16364
16365
16366
16371
16373
16377
16378
16380
16381
16382
16387
16388
16397
16402
16409
16416
16421
16430
16431
16433
16435
16441
25313
16444
16445
16446
16451
16455
16456
16457
16458
16461
16462
16465
16467
16468
16470
16474
16475
16476
16477
16479
16480
16481
16482
16483
16484
16488
16489
16502
16506
16507
16509
16520
16521
16522
16524
16530
16531
16532
16535
16536
16539
16540
16541
16542
16543
16544
16549
16555
16556
16557
16558
16559
16561
16562
16563
16564
16565
16568
16569
25318
16571
15637
15490
25320
25321
16578
16579
16580
16587
16588
16589
16591
16592
16593
16594
16595
16596
16597
16598
16599
16600
16601
16603
16604
16605
16606
16607
16608
16609
16610
16612
16613
16614
16615
16617
16618
16619
16620
16621
16622
16624
16626
16628
16629
16631
16632
16633
16634
16635
16636
16637
16638
16639
16640
16641
16643
16644
16646
16647
16648
16650
16652
16654
16655
16656
16657
16658
16659
16660
16661
16662
16663
16665
16666
16667
16668
16669
16671
16672
16673
16674
16675
16676
16677
16679
16680
16681
16682
16683
16686
16687
16688
16689
16690
16691
16692
16693
16694
16695
16696
16697
16698
16699
16700
16702
16703
16704
16705
16706
16707
16708
16709
16710
16711
16713
16716
16717
16718
16719
16720
16722
16723
16724
16725
16726
16728
16729
16731
16733
16735
16736
16738
16739
16740
16741
16742
16743
16745
16747
16748
16749
16750
16751
16753
16754
16755
16756
16757
16759
16761
16762
16763
16765
16766
16767
16768
16769
16772
16773
16774
16775
16776
16778
16779
16780
16785
16786
16787
16789
16790
16791
16792
16796
16797
16798
16799
16800
16801
16802
16804
16805
16806
16807
16808
16810
16811
16812
16814
16815
16816
16817
16818
16820
16821
16822
16823
16824
16825
16826
16828
16829
16830
16831
16832
16833
16834
16835
16836
16837
16839
16840
16841
16843
16844
16845
16846
16848
16849
16850
16851
16852
16853
16854
16855
16856
16857
16858
16859
16861
16862
16863
16864
16865
16866
16867
16868
16869
16870
16871
16872
16873
16874
16875
16876
16879
16880
16881
16882
16883
16885
16886
16887
16888
16889
16890
16891
16892
16893
16895
16896
16897
16899
16900
16901
16902
16904
16905
16906
16907
16908
16909
16910
16911
16912
16913
16914
16915
16916
16917
16918
16919
16920
16921
16922
16923
16924
16925
16926
16927
16928
16929
16930
16931
16932
16933
16934
16935
16936
16937
16938
16939
16943
16944
16945
16946
16947
16948
16950
16951
16953
16954
16955
16956
16958
16961
16963
16964
16965
16966
16967
16968
16969
16970
16971
16972
16973
16974
16975
16976
16977
16979
16980
16981
16983
16984
16985
16986
16987
16989
16990
16991
16992
16993
16994
16995
16996
16997
16998
16999
17000
17001
17002
17003
17004
17005
17006
17007
17008
17009
17010
17011
17012
17013
17014
17015
17016
17017
17018
17019
17020
17021
17022
17023
17024
17025
17026
17028
17029
17030
17031
17032
17033
17035
17036
17037
17038
17040
17041
17042
17043
17045
17046
17047
17048
17049
17050
17051
17052
17053
17054
17056
17058
17059
17060
17061
17062
17063
17064
17065
17066
17067
17068
17069
17070
17071
17074
17075
17076
17077
17079
17080
17081
17082
17083
17084
17085
17086
17087
17088
17089
17090
17091
17092
17093
17094
17095
17096
17097
17098
17099
17100
17101
17102
17103
17104
17105
17106
17107
17108
17109
17111
17112
17113
17114
17115
17116
17117
17118
17119
17120
17121
17122
17123
17124
17125
17126
17127
17128
17129
17130
17131
17132
17133
17135
17136
17139
17140
17142
17143
17144
17147
17148
17149
17150
17153
17154
17155
17156
17157
17158
17159
17160
17161
17162
17163
17164
17165
17166
17167
17168
17169
17170
17171
17172
17173
17174
17175
17176
17177
17178
17179
17180
17181
17183
17184
17186
17189
17190
17191
17192
17194
17195
17197
17198
17199
17200
17201
17202
17204
17205
17206
17207
17208
17209
17211
17213
17215
17216
17217
17218
17221
17222
17223
17224
17225
17226
17227
17228
17229
17230
17232
17233
17234
17235
17236
17238
17239
17240
17241
17243
17244
17245
17248
17250
17251
17252
17253
17254
17255
17256
17257
17258
17259
17260
17262
17263
17264
17265
17266
17267
17268
17271
17272
17273
17274
17275
17276
17277
17278
17279
17280
17281
17282
17283
17284
17285
17286
17288
17289
17290
17291
17292
17293
17294
17295
17296
17297
17298
17299
17300
17301
17302
17303
17304
17305
17306
17308
17309
17310
17311
17312
17313
17314
17315
17316
17317
17318
17319
17321
17322
17323
17324
17325
17326
17327
17328
17329
17330
17331
17332
17333
17334
17336
17337
17338
17339
17340
17342
17343
17344
17346
17347
17348
17349
17350
17351
17354
17355
17356
17357
17360
17361
17362
17363
17364
17366
17367
17368
17369
17370
17371
17372
17374
17375
17376
17377
17378
17379
17380
17381
17382
17383
17384
17385
17386
17387
17388
17389
17390
17391
17392
17393
17394
17395
17396
17397
17398
17399
17400
17402
17403
17404
17405
17406
17407
17409
17410
17411
17412
17413
17414
17415
17416
17418
17420
17421
17423
17424
17425
17426
17427
17428
17429
17432
17433
17434
17435
17436
17437
17438
17439
17440
17441
17442
17443
17444
17446
17447
17448
17449
17450
17451
17452
17453
17456
17457
17458
17459
17460
17461
17462
17463
17464
17465
17466
17467
17468
17469
17470
17471
17472
17473
17474
17475
17476
17477
17479
17480
17481
17482
17483
17484
17485
17488
17489
17491
17492
17493
17494
17495
17496
17497
17498
17499
17500
17502
17503
17504
17505
17506
17507
17510
17511
17512
17513
17514
17516
17518
17519
17520
17521
17522
17523
17524
17525
17526
17527
17528
17529
17530
17531
17533
17534
17535
17537
17538
17539
17540
17541
17542
17543
17544
17545
17546
17547
17548
17549
17551
17552
17553
17554
17555
17556
17557
17558
17559
17560
17561
17562
17563
17564
17566
17567
17568
17569
17570
17571
17572
17573
17574
17575
17576
17577
17579
17580
17581
17582
17583
17584
17585
17586
17587
17588
17590
17592
17593
17595
17596
17597
17598
17599
17600
17601
17602
17603
17604
17605
17606
17607
17609
17610
17611
17612
17613
17614
17615
17617
17620
17621
17622
17623
17624
17625
17627
17629
17630
17631
17632
17633
17635
17636
17637
17638
17639
17642
17643
17644
17645
17646
17647
17648
17649
17650
17651
17652
17653
17654
17655
17656
17657
17658
17659
17660
17661
17663
17664
17665
17666
17667
17668
17669
17670
17671
17672
17674
17675
17676
17677
17678
17679
17682
17683
17684
17685
17689
17690
17691
17692
17693
17694
17697
17698
17699
17700
17701
17702
17703
17704
17706
17707
17708
17709
17712
17713
17714
17715
17716
17717
17718
17719
17720
17721
17724
17725
17726
17727
17728
17730
17731
17732
17734
17735
17736
17737
17738
17739
17740
17743
17745
17746
17747
17750
17751
17752
17753
17754
17755
17756
17757
17759
17761
17763
17764
17765
17766
17767
17768
17770
17771
17772
17774
17776
17777
17778
17779
17781
17783
17784
17785
17786
17789
17790
17792
17793
17795
17796
17797
17798
17799
17800
17802
17803
17807
17808
17810
17811
17812
17814
17815
17817
17818
17819
17820
17822
17823
17824
17825
17826
17827
17829
17830
17831
17832
17834
17835
17836
17838
17840
17841
17842
17843
17845
17846
17850
17852
17853
17854
17857
17858
17859
17860
17861
17862
17863
17864
17865
17866
17867
17868
17869
17870
17871
17872
17873
17875
17876
17877
17881
17882
17883
17885
17886
17887
17888
17889
17890
17891
17892
17893
17894
17895
17897
17898
17899
17900
17901
17902
17903
17905
17907
17908
17910
17911
17912
17913
17915
17916
17917
17918
17919
17920
17922
17923
17924
17925
17928
17929
17930
17931
17932
17933
17935
17937
17938
17939
17940
17942
17943
17944
17945
17947
17948
17949
17950
17952
17953
17954
17956
17959
17960
17961
17962
17964
17965
17969
17970
17971
17972
17973
17975
17976
17977
17978
17981
17982
17983
17984
17985
17986
17987
17988
17989
17990
17991
17994
17995
17996
17997
17998
17999
18000
18003
18004
18005
18006
18007
18010
18011
18012
18015
18016
18017
18018
18019
18020
18021
18024
18026
18027
18028
18029
18030
18032
18033
18034
18035
18036
18037
18038
18039
18041
18042
18043
18044
18045
18046
18047
18048
18050
18051
18052
18053
18054
18055
18057
18058
18059
18060
18064
18065
18066
18067
18068
18071
18072
18074
18075
18076
18077
18078
18079
18080
18081
18082
18084
18085
18086
18087
18088
18089
18090
18094
18096
18097
18098
18099
18100
18102
18103
18105
18106
18107
18108
18109
18110
18112
18113
18115
18116
18117
18118
18119
18120
18121
18122
18123
18124
18125
18126
18127
18128
18129
18130
18131
18132
18136
18137
18138
18139
18140
18141
18142
18143
18144
18145
18146
18147
18148
18150
18151
18152
18153
18154
18155
18157
18158
18159
18160
18161
18163
18164
18165
18166
18168
18169
18170
18171
18172
18173
18174
18175
18176
18177
18178
18179
18180
18182
18183
18184
18185
18186
18187
18188
18189
18190
18191
18192
18193
18194
18195
18196
18197
18198
18199
18200
18201
18202
18203
18204
18205
18206
18207
18208
18209
18210
18211
18212
18213
18214
18215
18216
18217
18218
18220
18221
18222
18223
18224
18225
18226
18227
18228
18229
18231
18232
18233
18234
18236
18239
18240
18241
18242
18243
18244
18245
18246
18249
18250
18251
18252
18253
18254
18255
18256
18257
18258
18259
18260
18261
18262
18264
18265
18266
18267
18268
18269
18270
18272
18273
18274
18275
18276
18277
18278
18279
18281
18283
18286
18287
18288
18289
18290
18291
18292
18293
18295
18296
18297
18298
18299
18300
18301
18302
18306
18307
18308
18311
18312
18314
18315
18316
18317
18319
18320
18321
18322
18323
18324
18325
18327
18329
18330
18331
18333
18334
18335
18336
18337
18338
18339
18340
18341
18342
18343
18344
18346
18347
18348
18349
18350
18352
18355
18356
18357
18358
18359
18360
18361
18362
18363
18365
18366
18368
18369
18370
18371
18372
18373
18374
18375
18376
18377
18378
18379
18380
18381
18382
18383
18384
18385
18386
18387
18390
18391
18392
18393
18394
18395
18396
18397
18398
18399
18400
18401
18402
18403
18404
18405
18406
18407
18409
18410
18411
18413
18414
18417
18418
18419
18420
18422
18423
18424
18425
18426
18428
18431
18432
18433
18435
18436
18437
18438
18440
18441
18442
18443
18444
18445
18446
18448
18449
18450
18451
18452
18453
18454
18455
18456
18457
18459
18460
18461
18462
18464
18466
18467
18468
18469
18470
18471
18472
18473
18474
18475
18477
18479
18480
18481
18482
18483
18484
18485
18486
18488
18489
18490
18491
18492
18493
18494
18495
18496
18497
18498
18499
18500
18503
18504
18506
18507
18508
18509
18511
18512
18515
18517
18518
18519
18520
18521
18522
18523
18524
18525
18526
18528
18530
18531
18532
18533
18534
18535
18536
18537
18538
18539
18540
18541
18542
18543
18544
18545
18546
18547
18548
18549
18550
18551
18552
18554
18555
18556
18557
18558
18559
18561
18562
18563
18565
18566
18567
18568
18569
18570
18571
18572
18573
18574
18576
18577
18578
18579
18580
18581
18582
18583
18585
18587
18589
18590
18591
18592
18593
18594
18595
18596
18597
18599
18601
18602
18603
18604
18605
18607
18608
18609
18610
18611
18612
18613
18615
18617
18618
18619
18620
18621
18622
18623
18624
18627
18628
18629
18630
18631
18632
18633
18634
18635
18636
18639
18640
18641
18642
18643
18644
18645
18646
18647
18648
18649
18651
18653
18655
18656
18657
18658
18659
18660
18662
18663
18664
18665
18666
18667
18668
18670
18671
18672
18673
18675
18676
18677
18678
18679
18680
18682
18683
18684
18685
18686
18687
18688
18689
18690
18691
18692
18693
18694
18695
18696
18697
18698
18699
18700
18701
18702
18703
18704
18706
18708
18709
18711
18712
18715
18716
18717
18719
18720
18721
18722
18723
18724
18725
18726
18727
18728
18729
18731
18732
18733
18734
18735
18736
18737
18738
18739
18740
18741
18742
18743
18744
18745
18746
18747
18748
18749
18750
18751
18752
18753
18754
18755
18756
18757
18759
18760
18761
18763
18764
18765
18766
18767
18768
18769
18771
18772
18773
18774
18775
18776
18777
18780
18781
18782
18783
18784
18785
18786
18787
18788
18789
18790
18792
18793
18794
18795
18796
18797
18799
18800
18801
18804
18805
18806
18807
18808
18809
18810
18811
18812
18814
18816
18818
18819
18820
18821
18823
18824
18825
18826
18828
18829
18830
18831
18832
18833
18834
18837
18839
18840
18841
18842
18843
18844
18845
18846
18847
18849
18850
18851
18852
18853
18854
18855
18857
18858
18860
18861
18862
18864
18865
18866
18867
18868
18869
18870
18871
18873
18874
18875
18876
18877
18880
18881
18882
18883
18885
18886
18887
18888
18889
18891
18893
18894
18895
18897
18898
18899
18901
18902
18903
18904
18905
18906
18907
18908
18910
18911
18912
18913
18914
18915
18916
18917
18918
18919
18920
18921
18922
18923
18924
18925
18926
18928
18931
18932
18934
18935
18937
18938
18939
18942
18943
18944
18945
18947
18948
18950
18951
18955
18956
18957
18958
18960
18962
18963
18964
18966
18967
18968
18969
18971
18972
18976
18977
18978
18979
18980
18981
18982
18984
18986
18989
18990
18992
18994
18996
18998
18999
19000
19002
19003
19006
19007
19008
19009
19010
19012
19013
19014
19015
19016
19017
19018
19020
19021
19022
19023
19026
19027
19028
19029
19030
19032
19033
19034
19035
19037
19038
19041
19042
19043
19044
19045
19046
19047
19048
19049
19050
19052
19053
19055
19056
19061
19063
19064
19065
19066
19067
19070
19072
19073
19074
19076
19077
19079
19082
19083
19084
19086
19087
19088
19089
19092
19093
19094
19095
19096
19098
19099
19101
19102
19103
19104
19105
19107
19108
19109
19110
19111
19112
19113
19114
19115
19116
19117
19120
19121
19122
19123
19124
19125
19127
19128
19129
19130
19132
19133
19134
19136
19137
19138
19139
19140
19141
19145
19146
19147
19148
19150
19151
19152
19153
19155
19156
19157
19158
19161
19162
19163
19164
19165
19166
19167
19168
19169
19171
19172
19173
19174
19175
19176
19178
19179
19180
19181
19182
19183
19184
19185
19186
19188
19189
19190
19192
19194
19195
19196
19197
19198
19200
19201
19202
19203
19204
19205
19207
19208
19209
19210
19212
19213
19214
19215
19216
19218
19219
19220
19221
19222
19223
19224
19226
19227
19228
19229
19231
19232
19233
19234
19235
19236
19238
19240
19241
19242
19244
19245
19246
19248
19249
19250
19251
19252
19253
19254
19255
19257
19258
19259
19260
19262
19263
19264
19265
19266
19268
19269
19270
19271
19273
19274
19275
19276
19278
19280
19281
19282
19283
19284
19285
19286
19287
19288
19289
19290
19291
19292
19293
19294
19295
19296
19297
19299
19300
19301
19302
19304
19305
19306
19307
19308
19309
19310
19312
19313
19314
19315
19316
19317
19318
19319
19320
19321
19322
19323
19324
19325
19326
19327
19328
19329
19330
19331
19332
19333
19334
19335
19336
19337
19339
19340
19341
19342
19343
19344
19345
19346
19347
19348
19349
19350
19351
19352
19354
19355
19356
19357
19358
19359
19360
19361
19362
19363
19364
19365
19366
19367
19368
19369
19370
19372
19373
19374
19376
19377
19378
19379
19381
19382
19383
19384
19385
19386
19387
19388
19389
19390
19392
19393
19394
19395
19396
19397
19398
19400
19402
19403
19404
19406
19407
19408
19409
19411
19412
19413
19415
19417
19419
19420
19421
19422
19425
19427
19428
19429
19430
19431
19434
19435
19436
19437
19438
19439
19440
19442
19445
19446
19447
19448
19450
19451
19452
19453
19454
19455
19456
19457
19458
19459
19460
19461
19463
19465
19466
19467
19468
19469
19470
19471
19472
19473
19474
19475
19479
19480
19481
19482
19483
19485
19486
19488
19489
19492
19493
19494
19495
19497
19499
19500
19501
19502
19503
19504
19506
19507
19508
19509
19512
19513
19514
19515
19516
19517
19518
19520
19521
19522
19524
19525
19526
19527
19528
19529
19530
19531
19532
19533
19534
19536
19537
19541
19542
19543
19544
19545
19549
19550
19551
19552
19554
19555
19556
19557
19558
19559
19560
19561
19562
19563
19564
19565
19566
19568
19571
19572
19573
19575
19576
19577
19578
19582
19583
19584
19585
19586
19587
19588
19589
19590
19592
19593
19594
19595
19596
19598
19600
19601
19602
19604
19605
19606
19607
19609
19610
19611
19612
19613
19614
19615
19616
19617
19618
19619
19620
19621
19622
19624
19626
19627
19628
19629
19630
19632
19633
19634
19635
19636
19637
19638
19639
19640
19641
19642
19643
19644
19645
19646
19648
19649
19650
19651
19652
19653
19654
19656
19658
19659
19660
19661
19662
19663
19664
19665
19667
19669
19670
19671
19672
19673
19674
19675
19676
19678
19679
19680
19681
19683
19684
19685
19686
19687
19689
19690
19691
19692
19693
19694
19695
19696
19697
19698
19699
19700
19701
19702
19703
19704
19705
19706
19709
19710
19712
19713
19714
19715
19716
19717
19718
19719
19720
19721
19722
19723
19724
19725
19726
19727
19728
19729
19730
19731
19733
19734
19735
19736
19738
19739
19740
19741
19742
19743
19744
19745
19746
19747
19748
19749
19750
19751
19752
19753
19755
19756
19757
19758
19759
19760
19761
19762
19763
19764
19765
19766
19768
19769
19770
19771
19772
19773
19774
19775
19777
19778
19781
19782
19783
19784
19785
19786
19787
19788
19789
19790
19791
19792
19793
19795
19796
19798
19799
19802
19803
19804
19805
19806
19807
19808
19809
19810
19811
19812
19813
19815
19816
19817
19818
19819
19820
19822
19823
19824
19825
19826
19827
19829
19830
19831
19832
19833
19834
19835
19836
19837
19838
19840
19841
19842
19843
19844
19845
19846
19847
19848
19849
19850
19851
19852
19853
19855
19856
19857
19858
19859
19860
19861
19862
19864
19866
19868
19869
19870
19871
19872
19873
19874
19876
19877
19878
19879
19880
19881
19883
19884
19885
19886
19887
19888
19889
19890
19891
19892
19893
19894
19895
19896
19897
19898
19899
19900
19901
19902
19903
19904
19905
19906
19907
19908
19909
19910
19911
19912
19913
19914
19915
19916
19917
19918
19919
19920
19921
19922
19924
19925
19926
19927
19928
19929
19931
19933
19934
19935
19937
19938
19939
19940
19942
19944
19945
19946
19947
19948
19949
19950
19951
19953
19957
19958
19959
19960
19961
19962
19963
19964
19965
19966
19967
19970
19972
19974
19976
19979
19980
19981
19982
19983
19984
19985
19986
19988
19991
19992
19993
19995
19997
19998
20000
20001
20002
20009
20011
20013
20015
20016
20017
20020
20021
20022
20023
20024
20026
20028
20031
20033
20034
20036
20039
20041
20042
20043
20044
20047
20051
20053
20054
20055
20056
20057
20058
20059
20060
20061
20062
20064
20065
20066
20067
20069
20071
20072
20075
20076
20077
20078
20080
20081
20083
20084
20086
20088
20089
20090
20091
20094
20095
20096
20097
20098
20099
20100
20101
20102
20103
20104
20105
20106
20107
20108
20109
20112
20113
20114
20115
20116
20117
20118
20119
20121
20122
20123
20124
20125
20126
20128
20129
20130
20133
20134
20135
20136
20137
20138
20139
20141
20142
20144
20145
20147
20148
20149
20150
20151
20152
20153
20154
20156
20157
20158
20159
20160
20161
20163
20164
20165
20168
20169
20170
20171
20172
20173
20177
20179
20180
20181
20183
20185
20186
20188
20189
20190
20191
20192
20193
20194
20195
20197
20198
20200
20201
20202
20203
20204
20206
20207
20208
20209
20210
20211
20212
20213
20214
20215
20216
20217
20218
20219
20220
20221
20222
20223
20225
20226
20227
20228
20229
20230
20231
20232
20233
20234
20235
20236
20237
20238
20239
20240
20243
20244
20245
20246
20247
20248
20249
20250
20251
20252
20253
20254
20255
20256
20258
20259
20260
20261
20262
20263
20264
20265
20266
20267
20268
20269
20270
20271
20272
20273
20274
20275
20276
20277
20278
20279
20281
20282
20283
20284
20286
20287
20288
20290
20291
20292
20294
20295
20296
20298
20299
20300
20301
20302
20304
20305
20306
20307
20308
20309
20310
20311
20312
20313
20314
20315
20317
20318
20319
20321
20322
20323
20324
20325
20326
20327
20328
20329
20330
20445
20332
20334
20335
20336
20338
20339
20340
20341
20342
20343
20344
20345
20346
20348
20350
20351
20353
20354
20356
20357
20358
20359
20360
20361
20362
20363
20366
20367
20368
20369
20370
20371
20372
20373
20374
20375
20376
20377
20378
20379
20381
20382
20383
20384
20385
20386
20388
20390
20392
20393
20394
20395
20397
20398
20400
20401
20412
20413
20415
20416
20418
20422
20423
20424
20429
20430
20431
20432
20433
20434
20435
20436
20437
20438
20439
20440
20442
20443
20446
20447
20448
20451
20452
20453
20454
20455
20456
20458
20460
20461
20463
20464
20465
20466
20467
20468
20469
20471
20472
20473
20474
20475
20478
20479
20482
20484
20485
20486
20488
20490
20491
20492
20494
20495
20496
20497
20498
20499
20500
20501
20503
20504
20505
20507
20508
20511
20512
20513
20514
20515
20516
20519
20520
20521
20522
20523
20525
20526
20527
20528
20529
20530
20531
20532
20533
20534
20535
20536
20538
20539
20540
20541
20542
20543
20545
20550
20551
20552
20553
20554
20555
20556
20557
20558
20559
20560
20561
20562
20563
20564
20565
20566
20567
20568
20569
20570
20571
20572
20573
20575
20577
20579
20581
20582
20584
20585
20586
20587
20588
20590
20593
20594
20595
20596
20597
20598
20599
20600
20601
20602
20604
20605
20606
20607
20609
20610
20611
20612
20613
20614
20615
20617
20618
20619
20620
20621
20622
20623
20625
20626
20629
20630
20631
20632
20633
20634
20635
20636
20637
20638
20640
20641
20642
20644
20645
20646
20647
20648
20649
20652
20655
20656
20657
20658
20659
20660
20661
20662
20664
20665
20666
20667
20668
20669
20670
20671
20672
20674
20675
20676
20677
20678
20679
20680
20681
20683
20684
20685
20686
20687
20688
20689
20690
20691
20692
20693
20694
20696
20697
20698
20699
20700
20701
20702
20707
20708
20709
20710
20712
20713
20714
20717
20718
20719
20720
20723
20724
20726
20728
20729
20730
20734
20735
20736
20738
20741
20742
20743
20746
20747
20749
20750
20759
20760
20761
20765
20769
20770
20771
20772
20775
20777
20778
20779
20780
20781
20782
20783
20786
20790
20791
20792
20793
20794
20795
20796
20799
20800
20804
20809
20810
20811
20819
20821
20822
20823
20824
20826
20827
20828
20829
20830
20831
20832
20834
20835
20838
20839
20840
20842
20843
20844
20846
20848
20849
20850
20851
20852
20853
20856
20857
20860
20861
20862
20863
20865
20868
20872
20874
20875
20876
20877
20878
20879
20881
20883
20884
20894
20895
20896
20897
20898
20899
20900
20901
20902
20903
20904
20905
20908
20909
20910
20912
20914
20915
20916
20918
20920
20921
20922
20923
20924
20925
20926
20929
20930
20931
20932
20933
20934
20936
20937
20938
20940
20941
20943
20944
20945
20946
20947
20949
20950
20951
20952
20953
20954
20955
20956
20958
20961
20962
20963
20965
20966
20967
20968
20969
20970
20971
20972
20973
20974
20975
20976
20977
20979
20980
20981
20982
20983
20984
20985
20986
20987
20988
20990
20991
20994
20995
20996
20997
20998
20999
21000
21001
21002
21003
21006
21007
21008
21009
21010
21012
21014
21015
21016
21017
21019
21020
21021
21023
21024
21025
21026
21028
21029
21030
21031
21033
21035
21036
21038
21039
21040
21041
21042
21046
21047
21049
21050
21051
21052
21053
21054
21055
21060
21062
21065
21071
21073
21075
21076
21079
21080
21081
21082
21084
21085
21086
21087
21088
21089
21090
21091
21093
21095
21096
21097
21098
21099
21101
21103
21104
21105
21107
21109
21110
21111
21112
21113
21114
21117
21118
21119
21120
21121
21122
21124
21125
21126
21127
21128
21129
21130
21131
21133
21134
21135
21136
21137
21138
21139
21140
21141
21142
21143
21144
21145
21146
21147
21149
21150
21151
21152
21153
21154
21155
21156
21157
21159
21162
21163
21164
21165
21166
21167
21168
21169
21170
21171
21172
21174
21175
21176
21177
21178
21180
21184
21185
21186
21187
21188
21189
21190
21191
21192
21194
21195
21196
21197
21198
21199
21200
21201
21203
21204
21205
21206
21207
21208
21209
21210
21211
21212
21213
21214
21215
21217
21218
21219
21220
21221
21222
21223
21224
21226
21227
21228
21229
21231
21232
21233
21234
21235
21236
21237
21238
21239
21241
21242
21243
21244
21245
21246
21247
21248
21250
21252
21254
21257
21258
21259
21260
21262
21263
21264
21265
16572
21266
21268
21269
21270
21271
21272
21273
21274
21275
21276
21278
21279
21280
21283
21284
21285
21286
21287
21288
21289
21290
21291
21293
21294
21295
21297
21298
21299
21300
21301
21302
21303
21304
21305
21307
21308
21309
21311
21312
21316
21317
21318
21319
21320
21321
21322
21324
21325
21326
21327
21328
21330
21331
21332
21333
21334
21335
21336
21338
21339
21340
21341
21342
21343
21344
21345
21346
21347
21348
21349
21350
21351
21352
21354
21355
21356
21357
21359
16573
21361
21362
21363
21364
21365
21366
21368
21370
21371
21372
21373
16574
21374
21375
21377
21378
21379
21380
21381
21382
21383
21384
21385
21386
21387
21388
21389
21390
21392
21394
21395
21396
21397
21398
21399
21400
21401
21402
21403
21404
21405
21406
21407
21408
21409
21411
21413
21415
21416
21418
21420
21421
21422
21424
21426
21427
21428
21430
21431
21432
21434
21436
21438
21440
21442
21443
21444
21445
21448
21449
21452
21453
21454
21455
21456
21457
21459
21460
21461
21462
21464
21465
21466
21467
21468
21469
21470
21471
21472
21473
21474
21475
21476
21477
21478
21479
21480
21483
21484
21486
21487
21488
21489
21490
21491
21492
21493
21494
21496
21498
21499
21500
21501
21502
21503
21510
21511
21512
21513
21514
21515
21517
21518
21519
21522
21523
21524
21525
21526
21527
21528
21529
21530
21531
21533
21534
21535
21536
21537
21539
21540
21541
21543
21545
21547
21548
21552
21554
21555
21556
21557
21558
21559
21561
21562
21563
21564
21565
21566
21567
21568
21569
21570
21571
21574
21575
21576
21577
21578
21580
21581
21582
21583
21584
21585
21586
21590
21596
21597
21598
21599
21601
21602
21603
21608
21611
21612
21613
21614
21615
21619
21620
21622
21623
21624
21625
21626
21631
21632
21639
21640
21641
21642
21643
21644
21646
21647
21648
21651
21652
21653
21654
21655
21657
21660
21661
21663
21664
21665
21666
21667
21669
21670
21671
21676
21678
21681
21682
21683
21684
21686
21687
21688
21689
21690
21691
21692
21693
21694
21695
21696
21698
21699
21701
21703
21704
21705
21709
21710
21711
21713
21714
21715
21717
21718
21719
21721
21722
21725
21726
21727
21728
21729
21730
21731
21732
21733
21734
21735
21736
21737
21738
21739
21740
21741
21742
21743
21744
21745
21746
21747
21748
21749
21750
21751
21752
21754
21755
21756
21757
21759
21760
21761
21762
21763
21764
21765
21766
21767
21768
21769
21771
21772
21773
21774
21775
21776
21777
21778
21779
21780
21781
21782
21783
21784
21785
21787
21788
21790
21791
21792
21793
21794
21795
21798
21799
21800
21801
21802
21803
21804
21805
21806
21807
21809
21811
21813
21814
21815
21816
21817
21819
21820
21821
21822
21823
21824
21825
21826
21827
21828
21830
21831
21834
21835
21836
21838
21839
21840
21841
21842
21843
21846
21847
21848
21849
21850
21851
21852
21853
21854
21855
21856
21857
21858
21859
21861
21862
21863
21864
21865
21866
21867
21868
21871
21872
21873
21876
21877
21878
21882
21883
21884
21885
21886
21887
21888
21891
21893
21896
21898
21899
21900
21901
21902
21905
21906
21907
21908
21909
21910
21914
21915
21920
21921
21922
21924
21925
21926
21927
21928
21929
21930
21931
21934
21935
21936
21937
21938
21939
21940
21941
21942
21943
21944
21945
21946
21948
21949
21950
21951
21952
21953
21954
21955
21957
21960
21961
21962
21963
21965
21966
21967
21968
21969
21970
21971
21972
21974
21976
21978
21979
21980
21981
21983
21984
21985
21986
21987
21988
21989
21990
21991
21992
21993
21994
21995
21996
21997
21998
22000
22001
22002
22003
22005
22006
22007
22009
22010
22011
22012
22013
22014
22015
22016
22017
22018
22019
22020
22021
22024
22025
22026
22028
22029
22030
22031
22032
22033
22034
22035
22036
22037
22040
22041
22042
22043
22044
22045
22046
22047
22050
22053
22054
22055
22056
22057
22058
22060
22063
22065
22066
22067
22068
22069
22070
22071
22072
22073
22074
22075
22076
22077
22078
22079
22081
22084
22085
22086
22087
22088
22089
22090
22091
22092
22093
22094
22095
22096
22097
22099
22100
22101
22102
22103
22104
22105
22106
22107
22108
22109
22110
22111
22112
22113
22114
22115
22116
22117
22119
22120
22121
22122
22124
22125
22126
22127
22128
22130
22131
22132
22133
22134
22135
22136
22137
22138
22139
22140
22142
22144
22145
22146
22147
22148
22149
22150
22152
22153
22154
22155
22156
22157
22158
22159
22160
22161
22162
22163
22164
22165
22167
22168
22169
22170
22171
22172
22173
22175
22176
22177
22178
22179
22180
22181
22182
22183
22184
22185
22186
22187
22189
22191
22192
22193
22194
22195
22196
22197
22198
22199
22200
22201
22203
22204
22205
22207
22208
22209
22211
22212
22213
22214
22216
22217
22218
22219
22220
22221
22222
22224
22225
22226
22227
22228
22229
22230
22232
22233
22234
22235
22237
22238
22239
22240
22241
22242
22243
22244
22245
22246
22247
22248
22250
22251
22252
22254
22255
22256
22257
22258
22259
22260
22261
22262
22263
22264
22265
22266
22267
22268
22269
22270
22272
22273
22275
22276
22277
22278
22279
22280
22281
22282
22283
22284
22285
22286
22288
22289
22290
22291
22292
22293
22294
22295
22297
22298
22299
22300
22301
22302
22303
22304
22305
22306
22307
22308
22309
22310
22311
22312
22313
22314
22316
22317
22318
22319
22320
22321
22322
22323
22324
22325
22326
22327
22328
22329
22330
22331
22332
22333
22334
22335
22336
22337
22338
22339
22340
22341
22342
22344
22345
22346
22347
22348
22349
22350
22351
22352
22353
22354
22356
22357
22358
22359
22360
22361
22362
22364
22365
22366
22367
22368
22369
22370
22371
22372
22373
22375
22376
22377
22378
22379
22380
22381
22383
22384
22385
22387
22388
22389
22390
22391
22392
22393
22394
22396
22397
22398
22400
22402
22403
22404
22405
22406
22407
22408
22409
22411
22412
22413
22414
22416
22418
22419
22421
22422
22423
22424
22425
22426
22427
22428
22429
22430
22431
22432
22433
22434
22435
22436
22437
22438
22440
22441
22442
22445
22446
22447
22449
22450
22451
22452
22453
22454
22455
22457
22458
22459
22460
22461
22462
22463
22464
22465
22466
22468
22469
22470
22471
22472
22473
22474
22475
22476
22477
22478
22479
22480
22482
22484
22485
22486
22487
22488
22491
22492
22493
22494
22495
22496
22497
22498
22499
22500
22503
22504
22505
22506
22507
22508
22509
22510
22511
22512
22513
22514
22516
22517
22518
22520
22522
22523
22524
22525
22526
22527
22528
22529
22530
22531
22532
22533
22534
22535
22536
22537
22539
22542
22543
22544
22545
22546
22547
22548
22549
22550
22551
22552
22553
22554
22555
22556
22557
22559
22560
22561
22562
22563
22564
22565
22566
22567
22568
22569
22570
22572
22573
22574
22575
22576
22577
22579
22580
22581
22582
22583
22584
22585
22586
22587
22588
22589
22590
22591
22592
22593
22594
22595
22596
22597
22598
22599
22601
22602
22603
22604
22605
22606
22607
22608
22609
22610
22611
22612
22613
22614
22615
22616
22617
22618
22619
22620
22621
22622
22623
22624
22625
22626
22627
22628
22629
22630
22631
22633
22634
22635
22636
22637
22638
22639
22640
22641
22642
22644
22645
22646
22647
22648
22649
22650
22651
22652
22653
22654
22655
22656
22657
22658
22659
22660
22661
22662
22663
22664
22665
22666
22667
22668
22669
22670
22671
22672
22673
22674
22675
22678
22679
22680
22681
22682
22683
22684
22685
22686
22687
22688
22689
22690
22691
22692
22693
22694
22695
22696
22697
22698
22699
22700
22701
22702
22703
22704
22705
22706
22708
22709
22710
22711
22712
22713
22714
22715
22716
22717
22718
22719
22720
22721
22723
22724
22725
22728
22729
22730
22731
22733
22734
22735
22736
22737
22738
22739
22741
22742
22743
22744
22745
22747
22748
22750
22751
22752
22753
22754
22756
22757
22758
22759
22760
22761
22762
22763
22764
22765
22767
22769
22770
22771
22772
22775
22776
22777
22779
22780
22782
22783
22785
22786
22787
22788
22789
22790
22792
22794
22795
22796
22797
22799
22801
22802
22803
22804
22806
22807
22809
22810
22811
22812
22813
22814
22815
22816
22820
22822
22823
22825
22826
22828
22829
22830
22831
22832
22833
22835
22836
22837
22838
22839
22841
22842
22843
22844
22845
22846
22847
22848
22849
22850
22851
22853
22855
22856
22857
22858
22859
22860
22861
22863
22866
22867
22869
22870
22871
22872
22873
22874
22875
22876
22877
22878
22879
22880
22881
22882
22883
22884
22885
22886
22887
22888
22889
22890
22891
22892
22894
22895
22896
22897
22898
22900
22901
22902
22904
22905
22906
22907
22908
22909
22910
22913
22914
22916
22917
22918
22920
22921
22922
22923
22925
22926
22928
22929
22930
22931
22934
22935
22936
22937
22938
22939
22940
22942
22943
22944
22945
22946
22949
22950
22951
22952
22953
22955
22956
22957
22959
22960
22961
22962
22963
22964
22965
22967
22968
22969
22970
22971
22972
22973
22974
22976
22977
22978
22979
22980
22981
22983
22985
22986
22987
22988
22989
22990
22991
22992
22993
22994
22995
22996
22997
22998
22999
23000
23002
23003
23004
23005
23006
23007
23008
23009
23010
23012
23013
23014
23015
23016
23018
23019
23020
23021
23022
23023
23024
23025
23026
23027
23028
23029
23030
23031
23032
23033
23034
23035
23036
23037
23038
23039
23040
23042
23045
23048
23049
23053
23054
23057
23058
23059
23062
23063
23065
23068
23071
23073
23077
23078
23079
23080
23081
23082
23086
23087
23088
23090
23091
23092
23093
23095
23096
23097
23099
23102
23103
23104
23105
23106
23107
23108
23110
23111
23112
23113
23114
23115
23117
23118
23119
23120
23122
23123
23124
23125
23127
23128
23134
23135
23136
23137
23139
23141
23142
23144
23145
23146
23147
23148
23149
23152
23153
23154
23155
23156
23157
23158
23159
23160
23161
23162
23163
23171
23172
23175
23176
23177
23178
23179
23180
23181
23182
23183
23184
23185
23186
23187
23188
23189
23190
23191
23192
23193
23195
23196
23197
23199
23200
23201
23203
23204
23205
23206
23208
23210
23211
23212
23213
23214
23215
23216
23217
23218
23220
23222
23223
23225
23226
23227
23228
23229
23230
23231
23232
23233
23236
23237
23239
23240
23242
23243
23244
23245
23246
23247
23248
23249
23250
23251
23252
23253
23255
23256
23259
23260
23261
23262
23263
23264
23265
23266
23267
23268
23269
23271
23272
23273
23274
23275
23277
23278
23279
23280
23283
23284
23285
23286
23287
23288
23289
23291
23292
23293
23294
23295
23296
23297
23298
23299
23300
23301
23302
23303
23304
23307
23312
23314
23315
23317
23319
23320
23321
23322
23323
23324
23325
23326
23329
23330
23331
23333
23334
23335
23338
23339
23341
23342
23344
23345
23346
23348
23349
23350
23352
23353
23354
23358
23363
23364
23365
23366
23367
23368
23369
23370
23371
23372
23373
23374
23375
23376
23377
23378
23379
23382
23386
23387
23388
23389
23390
23393
23395
23397
23398
23399
23400
23401
23402
23404
23405
23408
23410
23413
23415
23416
23417
23418
23419
23420
23421
23422
23424
23426
23427
23428
23429
23432
23434
23437
23438
23439
23443
23444
23445
23446
23448
23449
23450
23451
23453
23454
23459
23460
23461
23462
23463
23464
23466
23467
23468
23469
23470
23471
23472
23473
23474
23476
23477
23478
23479
23480
23481
23482
23483
23484
23485
23486
23487
23489
23490
23491
23494
23495
23497
23502
23503
23504
23505
23506
23507
23508
23509
23511
23512
23513
23514
23515
23516
23517
23518
23519
23520
23521
23522
23523
23524
23525
23526
23527
23528
23529
23530
23531
23532
23533
23534
23535
23536
23537
23538
23539
23540
23541
23542
23543
23545
23547
23548
23552
23553
23554
23555
23558
23559
23561
23562
23564
23565
23566
23567
23568
23569
23570
23572
23573
23574
23575
23576
23577
23578
23579
23582
23585
23586
23587
23588
23589
23590
23591
23592
23593
23594
23595
23596
23597
23598
23599
23600
23601
23602
23603
23604
23605
23606
23607
23608
23610
23611
23612
23616
23617
23618
23620
23621
23622
23623
23624
23625
23626
23627
23629
23630
23631
23632
23633
23634
23635
23636
23637
23638
23639
23642
23643
23644
23645
23646
23648
23649
23650
23651
23652
23653
23654
23656
23657
23658
23659
23660
23661
23662
23663
23664
23665
23666
23667
23668
23669
23670
23671
23672
23673
23674
23675
23676
23677
23678
23679
23680
23681
23682
23683
23684
23685
23686
23687
23688
23689
23690
23691
23692
23693
23694
23695
23696
23697
23698
23699
23701
23702
23703
23704
23705
23706
23707
23708
23709
23710
23711
23712
23713
23714
23717
23718
23719
23720
23722
23723
23724
23725
23726
23729
23730
23732
23733
23736
23737
23738
23739
23740
23741
23742
23743
23744
23745
23746
23747
23748
23749
23751
23752
23753
23754
23755
23756
23757
23758
23761
23765
23766
23767
23768
23769
23770
23771
23773
23775
23776
23777
23778
23779
23780
23781
23782
23784
23785
23786
23787
23788
23789
23790
23795
23801
23803
23804
23805
23806
23807
23809
23810
23812
23813
23814
23815
23816
23818
23819
23820
23821
23824
23825
23826
23827
23828
23830
23831
23832
23833
23834
23836
23838
23846
23853
23859
23860
23863
23864
23865
23866
23867
23872
23874
23875
23876
23877
23879
23880
23885
23886
23889
23890
23891
23892
23893
23894
23895
23896
23899
23900
23906
23908
23909
23910
23913
23914
23918
23919
23920
23922
23923
23926
23927
23928
23931
23932
23933
23935
23936
23937
23941
23944
23947
23948
23949
23950
23951
23963
23964
23971
23973
23974
23975
23976
23977
23978
23979
23980
23981
23982
23984
23985
23986
23987
23988
23989
23993
23994
23995
23997
23998
23999
24000
24001
24003
24004
24005
24006
24007
24008
24009
24010
24011
24012
24013
24014
24015
24017
24018
24019
24023
24024
24025
24026
24028
24031
24032
24033
24034
24035
24036
24037
24038
24039
24040
24042
24043
24044
24045
24046
24048
24049
24050
24051
24052
24053
24055
24056
24057
24061
24062
24063
24064
24065
24066
24077
24078
24079
24080
24081
24082
24083
24084
24085
24086
24087
24088
24089
24090
24091
24092
24093
24094
24095
24096
24097
24098
24099
24100
24101
24102
24103
24104
24105
24106
24107
24108
24109
24110
24111
24112
24113
24114
24115
24116
24119
24124
24125
24128
24131
24132
24133
24134
24135
24136
24137
24138
24140
24141
24142
24143
24144
24145
24148
24149
24152
24153
24154
24155
24158
24161
24164
24167
24168
24170
24171
24173
24174
24181
24182
24183
24184
24186
24187
24188
24189
24190
24191
24196
24197
24198
24200
24201
24202
24203
24205
24206
24207
24208
24209
24210
24211
24212
24214
24216
24217
24218
24221
24222
24223
24224
24225
24227
24228
24229
24230
24231
24232
24233
24234
24235
24237
24238
24239
24240
24241
24242
24243
24244
24245
24246
24247
24248
24249
24250
24251
24253
24254
24256
24257
24260
24261
24263
24266
24267
24269
24270
24271
24272
24275
24276
24277
24278
24279
24281
24282
24283
24286
24287
24288
24289
24292
24294
24297
24299
24300
24304
24306
24307
24308
24309
24314
24315
24316
24317
24319
24320
24325
24326
24327
24328
24330
24331
24332
24333
24334
24335
24336
24337
24339
24340
24343
24344
24345
24346
24348
24350
24351
24352
24353
24357
24359
24361
24362
24363
24365
24368
24369
24370
24372
24373
24374
24375
24376
24377
24379
24380
24381
24382
24383
24384
24385
24386
24388
24389
24390
24391
24393
24394
24395
24396
24397
24398
24399
24400
24401
24402
24403
24404
24406
24407
24408
24409
24410
24411
24412
24413
24414
24415
24416
24417
24420
24421
24422
24423
24428
24429
24431
24433
24434
24435
24436
24437
24438
24440
24441
24442
24443
24447
24448
24449
24450
24451
24453
24454
24459
24462
24463
24464
24465
24466
24467
24468
24469
24470
24471
24472
24473
24474
24475
24479
24480
24481
24482
24484
24490
24491
24492
24493
24494
24495
24499
24500
24505
24506
24507
24508
24509
24510
24511
24512
24513
24514
24516
24518
24520
24522
24523
24524
24527
24528
24529
24530
24531
24532
24533
24534
24535
24536
24537
24538
24539
24540
24541
24542
24543
24544
24546
24547
24548
24549
24551
24552
24553
24555
24556
24558
24560
24561
24566
24568
24569
24570
24572
24574
24575
24576
24577
24583
24584
24585
24586
24587
24588
24589
24590
24591
24592
24595
24596
24597
24600
24602
24603
24604
24605
24607
24611
24612
24613
24614
24615
24616
24617
24618
24619
24620
24621
24623
24627
24632
24633
24634
24635
24636
24637
24638
24639
24640
24641
24642
24643
24644
24645
24647
24648
24649
24650
24651
24653
24655
24656
24657
24658
24659
24660
24661
24662
24663
24665
24667
24668
24669
24670
24671
24672
24673
24674
24675
24676
24678
24681
24682
24685
24688
24689
24698
24699
24700
24701
24702
24703
24704
24705
24706
24707
24710
24713
24716
24717
24718
24719
24721
24723
24724
24726
24727
24728
24729
24730
24732
24733
24734
24735
24736
24737
24738
24739
24740
24741
24742
24743
24746
24747
24748
24749
24750
24751
24752
24753
24754
24755
24756
24757
24758
24759
24761
24762
24766
24767
24768
24769
24770
24772
24774
24776
24777
24781
24782
24783
24784
24788
24790
24791
24792
24794
24796
24798
24799
24802
24803
24804
24806
24807
24808
24809
24811
24812
24813
24814
24815
24816
24817
24824
24826
24827
24829
24831
24832
24833
24834
24835
24836
24837
24838
24839
24840
24841
24842
24843
24844
24846
24847
24848
24849
24850
24851
24853
24854
24855
24856
24857
24858
24860
24861
24865
24869
24870
24871
24872
24873
24874
24875
24877
24878
24879
24880
24881
24883
24884
24885
24886
24887
24888
24889
24891
24892
24894
24895
24896
24897
24898
24901
24902
24904
24905
24907
24910
24911
24912
24913
24914
24915
24916
24917
24918
24920
24921
24922
24923
24925
24926
24927
24928
24929
24930
24931
24933
24935
24937
24938
24939
24940
24941
24942
24946
24947
24948
24949
24950
24951
24952
24953
24954
24957
24958
24967
24969
24970
24971
24973
24974
24978
24981
24983
24984
24985
24986
24987
24988
24989
24990
24991
24992
24994
24995
24996
24997
25006
25007
25009
25014
25015
25016
25021
25023
25024
25025
25028
25029
25030
25031
25032
25033
25043
25052
25053
25062
25065
25068
25070
25071
25073
25074
25078
25079
25080
25084
25085
25086
25088
25089
25090
25091
25092
25094
25096
25097
25098
25099
25100
25101
25102
25104
25107
25108
25109
25110
25111
25112
25113
25114
25124
25125
25126
25128
25129
25130
25131
25132
25133
25136
25137
25138
25139
25144
25145
25146
25156
25157
25159
25161
25162
25163
25164
25165
25175
25176
25177
25178
25180
25183
25184
25186
25187
25188
25189
25190
25191
25194
25196
25197
25199
25200
25202
25203
25205
25206
25207
25209
25210
25211
21890
21879
25115
24298
25046
25045
17578
23842
24392
358
16760
17733
18778
24550
24763
24900
24906
25103
25106
25201
5339
5340
5343
16625
16941
16952
16959
18447
18863
19005
19801
24795
25020
3229
4577
4619
5307
25244
12055
12064
15092
25308
15344
15621
15643
15860
16022
16386
16434
16623
16982
17185
17212
17711
17729
18388
18514
18872
19433
19523
19569
19579
19597
20992
21482
21592
21837
24076
24264
24268
24387
24686
24725
3387
16157
20444
20459
20744
22821
2345
16581
16642
17550
18616
18625
20510
20639
21964
22852
22893
24432
24501
24714
24715
24943
